6 6976.77431 1270.97399 3317.48206 6964.53173 1286.39967 3324.09773 6969.52704 1305.07602 3325.32825 6971.36203 1317.52002 3326.31878 6971.6429 1333.10728 3328.3762 6957.0463 1342.51053 3337.21882
2 6518.87934 1324.92837 3834.31674 6542.50446 1354.10039 3804.8201
2 6735.22702 1340.50884 3264.09757 6739.93969 1326.54847 3279.82473
4 6735.22702 1340.50884 3264.09757 6737.34727 1353.7936 3257.70856 6737.48888 1354.31748 3257.56889 6742.4622 1366.92981 3259.58197
8 6735.22702 1340.50884 3264.09757 6738.12506 1328.72336 3270.67877 6743.59944 1319.6985 3273.13858 6753.63696 1305.67068 3278.45181 6752.28414 1311.28087 3269.42294 6758.67104 1303.39328 3276.65306 6747.01726 1323.04356 3265.14024 6759.96616 1307.48301 3276.61321
2 5966.86268 1158.67304 3489.97927 5964.72272 1183.4314 3538.46133
23 6284.1281 1126.99753 3550.87009 6352.7229 1182.31191 3599.31514 6353.33059 1182.62603 3599.63092 6369.43158 1190.26048 3603.50455 6376.66343 1193.97253 3604.45582 6390.27299 1201.21208 3604.37908 6396.03963 1204.61356 3603.20838 6397.9126 1205.74359 3602.76515 6403.47945 1209.31842 3600.90164 6409.72953 1213.67428 3598.14104 6416.37982 1218.46708 3594.94173 6422.85418 1223.04163 3592.15451 6424.62492 1224.33467 3591.37274 6427.74532 1226.84815 3589.75631 6433.68687 1232.28936 3585.95295 6442.71092 1242.87377 3579.10563 6452.40472 1258.32704 3569.67317 6458.3323 1265.66639 3567.16191 6466.33851 1272.91478 3566.74174 6472.76299 1279.00953 3566.39206 6477.85186 1285.57752 3566.28757 6480.69968 1294.81441 3564.59922 6492.7946 1309.41317 3565.57118
2 7531.30874 1163.87672 3189.90483 7510.68861 1168.07125 3185.16546
19 7390.84924 1260.33221 3389.79355 7401.78991 1270.07973 3393.29404 7403.62085 1272.69024 3394.62896 7408.58785 1280.17796 3397.96722 7410.36919 1282.89328 3399.07628 7415.67131 1291.1801 3401.66813 7417.7659 1294.59883 3402.27255 7420.09977 1298.49897 3402.75473 7421.35092 1300.73246 3402.9591 7424.82314 1307.19074 3403.41795 7427.52561 1312.64049 3403.58884 7428.28704 1314.43863 3403.54544 7430.59677 1321.61288 3402.89055 7432.72379 1335.31244 3400.22068 7433.69814 1345.14648 3398.34748 7433.8095 1346.08514 3398.19385 7434.91189 1354.03858 3397.09233 7436.09134 1361.26869 3396.23992 7440.71354 1377.23798 3397.01314
27 7390.84924 1260.33221 3389.79355 7392.30535 1246.71631 3373.43932 7394.36043 1240.2972 3364.7303 7398.8012 1234.52515 3355.31289 7404.45429 1230.51594 3346.71888 7408.37117 1228.1325 3341.22751 7417.1337 1224.0549 3330.1293 7424.4387 1221.49404 3321.23646 7432.75856 1219.23207 3311.13044 7437.3866 1218.20779 3305.38163 7438.29965 1218.01641 3304.23913 7442.44438 1217.18584 3299.02466 7447.23262 1216.32566 3292.91174 7451.55263 1215.60322 3287.35754 7454.87072 1215.07931 3283.08492 7457.35425 1214.71413 3279.89197 7464.6722 1213.68198 3270.52158 7471.56503 1212.74907 3261.91343 7475.79356 1212.14155 3256.64728 7480.93971 1211.33122 3250.10689 7489.26369 1209.56049 3238.83882 7492.50227 1208.75558 3234.27194 7497.32993 1207.33567 3227.13605 7506.14914 1201.23739 3211.57801 7508.65903 1196.74205 3206.48094 7513.34945 1188.97552 3200.34171 7510.68861 1168.07125 3185.16546
51 7390.84924 1260.33221 3389.79355 7371.39048 1252.35622 3392.31465 7365.2653 1250.49457 3393.84426 7350.79191 1247.01888 3398.27379 7343.57901 1246.10408 3400.81954 7335.09826 1245.448 3403.94007 7329.5805 1245.11113 3405.9733 7323.20193 1244.82622 3408.32396 7320.86663 1244.75575 3409.18713 7312.55348 1244.73128 3412.25709 7310.39922 1244.76364 3412.97677 7303.69036 1244.90359 3415.12508 7295.01876 1245.38157 3417.17354 7292.05771 1245.58021 3417.78293 7279.77536 1246.71109 3419.53618 7269.80621 1247.81137 3420.54905 7260.00987 1249.62706 3420.41424 7247.87072 1252.02814 3420.06349 7239.0735 1255.12948 3418.57704 7232.8225 1257.65318 3417.27119 7223.95177 1262.49999 3414.44066 7217.48436 1266.8042 3411.81566 7214.61404 1268.79581 3410.58349 7212.86632 1270.02936 3409.77833 7201.32078 1278.17752 3404.21996 7194.93695 1282.48832 3400.85386 7187.23767 1286.85687 3396.95285 7176.66208 1291.5346 3392.10333 7163.79988 1295.87388 3387.17606 7153.02341 1298.8531 3383.78146 7138.19113 1302.3882 3379.91779 7129.60137 1304.30374 3378.00563 7121.38629 1306.17826 3376.17987 7110.63797 1308.76052 3373.62867 7104.22419 1310.30475 3372.08878 7096.24288 1312.2505 3370.0201 7087.95345 1314.37184 3367.68742 7085.92418 1314.9073 3367.10712 7078.89922 1316.89613 3365.01825 7077.89658 1317.21263 3364.70183 7071.2086 1319.40557 3362.53018 7064.16479 1322.11265 3359.45063 7058.07802 1324.62958 3356.26703 7048.91312 1328.90976 3349.68908 7038.75224 1333.83018 3341.61293 7032.16816 1337.67374 3334.87151 7030.06858 1339.76506 3330.74004 7026.86747 1343.64976 3322.83922 7024.47461 1347.60263 3314.26015 7024.43299 1347.6789 3314.11763 7021.12812 1353.08863 3306.4753
12 6587.51266 1604.97852 3267.20541 6609.64475 1612.14539 3270.69539 6614.9175 1616.17575 3271.93371 6623.27784 1622.60578 3276.05419 6626.06702 1624.69213 3277.78551 6630.23407 1627.72721 3280.74257 6634.65851 1630.84353 3284.09972 6641.01166 1635.55672 3289.96986 6643.08117 1640.11034 3298.38839 6643.70911 1641.77834 3301.8726 6651.64834 1644.86243 3325.46952 6678.85202 1659.84316 3426.6123
2 6943.29077 1325.68528 3342.28623 6957.0463 1342.51053 3337.21882
3 5926.72501 1392.99629 3722.13057 5918.54478 1389.21582 3679.08268 5916.56847 1387.16987 3656.9881
19 6264.11614 1429.31657 3480.83584 6294.12144 1426.80775 3482.84965 6319.45737 1425.50559 3488.12717 6325.30991 1425.90936 3491.26074 6333.95564 1423.70964 3494.54121 6347.94057 1416.53921 3493.15919 6355.37107 1410.89718 3491.40011 6360.90802 1405.55028 3488.97589 6365.95999 1401.15492 3486.4262 6373.91997 1396.41628 3482.71871 6387.61734 1392.41659 3477.49303 6404.84223 1390.1293 3472.24422 6418.50504 1392.68885 3472.16116 6427.49204 1395.65318 3473.45602 6433.57408 1397.93365 3474.70568 6443.86894 1400.56438 3480.48447 6452.38711 1399.85984 3490.7322 6457.11244 1394.99531 3500.35 6464.28632 1390.34169 3510.24478
3 6264.11614 1429.31657 3480.83584 6244.16787 1411.24739 3475.32919 6244.50124 1394.8521 3473.4153
2 6264.11614 1429.31657 3480.83584 6269.59969 1467.62547 3489.22742
5 7797.33275 923.392138 3121.56984 7755.74217 941.852354 3098.42927 7750.90436 949.194711 3092.26545 7749.1691 955.194702 3088.1694 7749.03532 965.580812 3080.44736
4 6759.96616 1307.48301 3276.61321 6756.20686 1288.45001 3280.34205 6749.09805 1277.86894 3281.22615 6741.40391 1264.76094 3280.35119
7 6759.96616 1307.48301 3276.61321 6768.71391 1312.60898 3279.72551 6799.63869 1292.17533 3303.45746 6821.81124 1288.65218 3313.54834 6845.56214 1291.75041 3321.38645 6864.86751 1299.25789 3328.02855 6909.03419 1319.02071 3333.25372
3 7428.8247 1391.10468 3384.31943 7435.55777 1383.12712 3390.59613 7440.71354 1377.23798 3397.01314
2 7464.28712 1379.6131 3421.50606 7440.71354 1377.23798 3397.01314
3 5923.92437 1159.10755 3535.01533 5956.93182 1177.20004 3537.27312 5964.72272 1183.4314 3538.46133
26 5740.723 1420.26435 3742.52411 5737.23942 1415.80525 3713.77307 5737.59967 1415.53581 3712.22909 5740.92641 1414.00037 3703.85907 5745.13605 1412.71074 3697.09211 5752.56813 1411.06427 3690.25801 5759.17148 1409.75964 3685.81615 5764.61806 1408.6592 3682.43619 5774.0016 1406.657 3677.28174 5786.97288 1403.86886 3671.02079 5798.95974 1401.49013 3666.07506 5806.55256 1400.12578 3663.60642 5812.48767 1399.09039 3661.84647 5820.43265 1397.73549 3659.75962 5830.7155 1396.02185 3657.82335 5837.70901 1394.83502 3656.61854 5841.07397 1394.22741 3656.08893 5848.68841 1392.81682 3654.93816 5857.37619 1391.08204 3653.78175 5864.11329 1389.8123 3653.14675 5870.32457 1388.65111 3652.61705 5876.41416 1387.77036 3652.4603 5882.8381 1386.87683 3652.38425 5898.26719 1385.93903 3654.81672 5901.21383 1385.88046 3655.30225 5916.56847 1387.16987 3656.9881
2 6725.51557 1263.65231 3271.33282 6741.40391 1264.76094 3280.35119
23 6492.7946 1309.41317 3565.57118 6508.05885 1308.12551 3574.64508 6527.3661 1317.08608 3577.30237 6538.11051 1321.46996 3578.96936 6545.54418 1323.25312 3581.15758 6550.71877 1323.75694 3583.37738 6557.1401 1322.75568 3587.52542 6570.40086 1320.45329 3596.4708 6578.00792 1319.20358 3601.55001 6591.18638 1314.84473 3611.06678 6593.15133 1314.18589 3612.43558 6599.13601 1312.16809 3615.81213 6602.97618 1310.95562 3617.83257 6604.87858 1310.38609 3618.77847 6612.83213 1308.14768 3622.4847 6621.96516 1305.85687 3626.24022 6630.02774 1304.23517 3628.97766 6636.4557 1303.33344 3630.92581 6644.60456 1302.38562 3633.40785 6655.59402 1301.73703 3637.36968 6660.84053 1301.70304 3639.7577 6667.34185 1301.89221 3643.15659 6685.76801 1310.14858 3654.54164
7 6492.7946 1309.41317 3565.57118 6484.80159 1332.32891 3545.62034 6487.90006 1344.96899 3539.7151 6491.15869 1350.85194 3538.52136 6491.87071 1357.08451 3536.75818 6477.43067 1380.30176 3524.0997 6464.28632 1390.34169 3510.24478
8 6799.32191 1644.64988 3263.94396 6787.89798 1636.06062 3262.16546 6781.65598 1629.3202 3262.87848 6780.29523 1627.45365 3263.05888 6775.00364 1619.69031 3263.77999 6772.64071 1615.23013 3264.03648 6771.0466 1612.10853 3264.18173 6763.22181 1603.46862 3265.21662
6 6909.03419 1319.02071 3333.25372 6926.98347 1337.2551 3347.49688 6934.43473 1345.1343 3349.82826 6941.60812 1347.79934 3346.71152 6950.62742 1349.14971 3342.20936 6957.0463 1342.51053 3337.21882
40 6909.03419 1319.02071 3333.25372 6868.25859 1311.65242 3379.31499 6861.75125 1327.53028 3392.29714 6859.86409 1332.44326 3397.42103 6856.70045 1339.86277 3405.30154 6854.95551 1343.5198 3408.97108 6852.97679 1347.56419 3412.95432 6848.89923 1355.16067 3419.53583 6842.99713 1364.28283 3425.37164 6839.04464 1370.08999 3428.51611 6832.9125 1379.068 3432.5459 6827.69519 1387.09736 3435.64127 6825.68569 1390.66693 3436.91657 6819.29791 1402.88758 3441.18034 6815.5645 1411.93808 3444.40943 6812.55506 1420.23345 3447.51597 6810.16325 1427.56146 3450.38497 6807.96472 1434.74656 3453.21322 6806.09961 1440.7764 3455.46595 6803.90314 1447.72394 3457.7629 6803.22011 1449.86862 3458.44532 6801.76308 1454.41076 3459.83844 6800.1485 1459.38873 3461.33864 6797.08258 1467.28143 3463.46766 6796.28619 1469.06759 3463.90813 6794.04042 1473.56389 3464.96065 6790.89408 1479.37239 3466.2864 6787.38333 1484.295 3467.32246 6784.38157 1487.8553 3468.02886 6770.38647 1503.27221 3471.06428 6761.85816 1510.93277 3472.80327 6755.36175 1516.60993 3474.25376 6747.55699 1522.44355 3476.5741 6742.12743 1525.69483 3478.7188 6735.81682 1529.17245 3481.34726 6728.54738 1532.81447 3484.52396 6727.57254 1533.28798 3484.95429 6720.36125 1536.6872 3488.15609 6707.80081 1541.26394 3493.40298 6697.24322 1543.7301 3494.56893
5 6909.03419 1319.02071 3333.25372 6894.53948 1344.27068 3301.07818 6887.40507 1381.64596 3289.69965 6801.62895 1402.04953 3262.40914 6831.90133 1427.74745 3272.65133
10 6909.03419 1319.02071 3333.25372 6945.19956 1340.88836 3326.53709 6950.76028 1347.43628 3328.1782 6960.34633 1354.9337 3328.6685 6976.98445 1357.18057 3327.55848 6986.47566 1356.83042 3323.53008 6994.40821 1356.57959 3319.71905 7002.37177 1356.29709 3315.83712 7011.43135 1354.60002 3311.60435 7021.12812 1353.08863 3306.4753
2 6804.05837 1426.36661 3264.25505 6831.90133 1427.74745 3272.65133
5 6697.24322 1543.7301 3494.56893 6687.37688 1552.046 3488.66495 6687.65654 1560.07898 3485.24988 6686.75166 1570.85575 3476.22025 6678.85202 1659.84316 3426.6123
2 6697.24322 1543.7301 3494.56893 6683.49851 1533.82353 3510.572
3 6869.44391 1447.00351 3284.48518 6850.25051 1438.54373 3278.53721 6831.90133 1427.74745 3272.65133
33 6685.76801 1310.14858 3654.54164 6694.57452 1322.5583 3651.71043 6696.65178 1325.66032 3651.1501 6700.34951 1331.83637 3649.78879 6705.06701 1341.21625 3647.94138 6709.05984 1350.02081 3645.96215 6711.71885 1356.20389 3644.43889 6716.54936 1368.28834 3641.20007 6720.23569 1379.2037 3637.92206 6722.06015 1385.42765 3635.95354 6723.08156 1389.05784 3634.79243 6724.5519 1394.3689 3633.0865 6725.60955 1400.17538 3631.08363 6726.42219 1405.64713 3629.13345 6727.32357 1412.24381 3626.7578 6728.16557 1425.21775 3621.87044 6728.03384 1434.44874 3618.33225 6727.96352 1436.63629 3617.49411 6727.37767 1446.01195 3613.86178 6726.2891 1455.34197 3610.08283 6724.81888 1465.16821 3605.70129 6722.98292 1471.0328 3601.68836 6721.99583 1474.26134 3599.41271 6718.78561 1484.46055 3591.52059 6716.06843 1493.00906 3584.18156 6714.94265 1496.60664 3580.85249 6713.7873 1500.33073 3577.33165 6710.60289 1516.13356 3559.92029 6707.42201 1527.84275 3544.22711 6704.85747 1529.69391 3539.34339 6694.90388 1534.09126 3523.26616 6690.90489 1534.47497 3518.2306 6683.49851 1533.82353 3510.572
13 6685.76801 1310.14858 3654.54164 6684.34912 1296.72309 3668.40779 6685.16078 1291.26388 3676.30039 6684.35637 1283.52934 3686.05812 6682.09689 1277.51612 3691.93704 6677.74195 1270.52928 3696.97523 6675.11293 1266.70135 3699.55355 6670.72842 1261.29862 3703.16753 6661.55513 1251.93603 3709.75247 6647.94974 1244.99701 3718.99631 6642.81448 1243.72925 3722.45819 6633.53126 1243.82508 3728.76689 6614.62552 1245.88311 3742.5487
10 6741.40391 1264.76094 3280.35119 6739.35771 1254.34223 3281.25371 6739.34795 1242.77954 3284.23386 6739.57352 1232.00078 3287.96684 6739.60499 1221.62445 3292.00025 6739.44757 1219.31751 3292.84691 6738.51002 1210.78423 3295.81507 6737.57089 1207.58183 3296.18202 6725.45679 1171.27837 3297.6451 6727.08376 1157.82416 3297.62008
2 6233.66975 1383.91633 3473.64396 6244.50124 1394.8521 3473.4153
14 6096.50123 1307.40034 3515.97993 6087.46152 1312.3385 3532.47258 6082.80361 1318.14859 3549.10196 6078.73713 1320.45111 3557.37936 6066.73903 1327.47885 3566.95206 6048.60755 1338.60916 3568.05794 6038.87415 1347.1108 3564.51172 6026.48896 1354.53317 3564.34614 6014.53683 1361.58048 3564.43079 6004.06407 1367.58973 3564.9793 5994.8602 1373.15865 3566.846 5990.01196 1376.25123 3568.10674 5983.57607 1380.65775 3570.0711 5964.18654 1392.5114 3584.97439
20 6096.50123 1307.40034 3515.97993 6087.195 1280.41912 3514.31695 6084.19534 1271.42323 3513.59966 6079.87279 1261.14104 3513.20728 6075.31774 1252.59859 3513.52617 6069.185 1242.86656 3514.52551 6068.68426 1242.15004 3514.62073 6064.17599 1236.27367 3515.52032 6062.61134 1234.54849 3515.79941 6056.95251 1228.59904 3516.77048 6044.86625 1218.83013 3518.70984 6030.01962 1208.96878 3522.05636 6021.04161 1205.11041 3524.50146 6014.65553 1202.72587 3526.28422 6010.30651 1201.38593 3527.60338 6002.50294 1199.1564 3530.05337 5989.34463 1195.52608 3534.33671 5984.54452 1193.75631 3535.65623 5976.97306 1190.5343 3537.3584 5964.72272 1183.4314 3538.46133
27 6096.50123 1307.40034 3515.97993 6113.04118 1308.06849 3497.31647 6121.3766 1308.40797 3492.69343 6131.28955 1309.32967 3489.87668 6143.8348 1313.32176 3486.58956 6157.31674 1318.8578 3483.11278 6170.80885 1324.20958 3480.40291 6178.4265 1326.92806 3479.27 6183.52035 1328.48401 3478.76645 6189.9964 1330.34519 3478.19547 6195.44069 1331.46256 3477.90306 6202.3597 1332.88381 3477.54793 6213.02514 1335.28827 3477.18789 6222.89228 1337.99159 3476.95427 6231.96011 1340.8262 3476.52743 6237.96225 1342.73284 3476.23257 6244.6822 1345.03179 3475.88778 6253.51471 1348.32658 3475.50763 6264.52573 1352.94688 3475.19645 6273.79702 1354.6452 3475.68887 6277.69675 1355.71047 3476.0112 6285.75834 1369.3817 3475.76456 6289.03738 1379.2891 3475.61557 6276.8877 1382.77679 3475.53876 6275.00711 1383.08482 3475.51385 6258.55829 1383.89955 3475.10077 6244.50124 1394.8521 3473.4153
8 5916.56847 1387.16987 3656.9881 5924.02165 1386.58189 3641.94045 5929.39245 1386.76366 3633.85153 5935.54082 1388.08016 3624.6762 5938.43466 1389.22211 3620.2323 5942.90524 1391.3754 3613.28559 5948.32043 1393.8 3605.05105 5964.18654 1392.5114 3584.97439
80 7021.12812 1353.08863 3306.4753 7026.7432 1354.06769 3299.96761 7035.51413 1356.5601 3291.2181 7043.03752 1359.02186 3284.42155 7053.4437 1362.74226 3274.78485 7054.36247 1363.0785 3273.94287 7060.41012 1365.32884 3268.43131 7062.21395 1366.00461 3266.81184 7066.13072 1367.46739 3263.2763 7066.71858 1367.66579 3262.66839 7070.92763 1369.04652 3258.17032 7076.15145 1369.71547 3249.62126 7084.3605 1371.02198 3236.90982 7089.24979 1371.56806 3228.8533 7091.45947 1371.75262 3225.26903 7095.48412 1372.02173 3219.02632 7099.78794 1372.20962 3213.24621 7105.38691 1372.3723 3206.46793 7111.70842 1372.44693 3199.42388 7113.35449 1372.43836 3197.67847 7118.56128 1372.30294 3192.34042 7121.62036 1371.88966 3189.38879 7127.72476 1370.43243 3183.4235 7129.10737 1370.01314 3182.05545 7135.17661 1367.55775 3175.95962 7144.17643 1363.3441 3166.80566 7147.38466 1361.03309 3163.41033 7149.35814 1359.39968 3161.34882 7157.89585 1351.08551 3152.77709 7162.10857 1346.00229 3149.07034 7166.95328 1340.4014 3145.22749 7172.50245 1334.2701 3141.32297 7177.33627 1329.25655 3138.22908 7182.60129 1324.15328 3135.11198 7188.16592 1318.88388 3131.89244 7193.84278 1313.68814 3128.68409 7201.57562 1306.96371 3124.68793 7209.41008 1300.23302 3121.36955 7213.85335 1296.36016 3119.9523 7216.71846 1293.85185 3119.10878 7223.68598 1287.64274 3117.74708 7227.47445 1284.18571 3117.49106 7232.25537 1279.78808 3117.36517 7239.32056 1273.04401 3117.73043 7247.92803 1265.4104 3118.36854 7257.28964 1259.47621 3118.5344 7267.87733 1254.55231 3118.22155 7278.062 1250.23459 3117.78717 7285.74563 1247.54067 3117.40579 7291.31694 1245.60776 3117.26574 7300.85686 1241.79684 3117.7529 7303.05721 1240.89282 3117.94233 7313.84997 1236.32836 3119.11495 7322.2792 1232.686 3120.54292 7330.74909 1229.30522 3122.09171 7338.40342 1226.63208 3122.85253 7344.31552 1223.49916 3124.92532 7350.6901 1220.53139 3126.52611 7355.98743 1217.77508 3127.61685 7362.65946 1214.25999 3128.97213 7364.88136 1213.03003 3129.39996 7368.77829 1210.8 3130.12869 7377.24261 1205.83734 3131.70145 7383.61517 1202.18757 3133.36299 7387.43227 1200.05115 3134.48303 7392.90209 1197.07397 3136.36072 7403.40012 1191.38186 3140.10287 7409.75233 1187.90575 3142.61873 7411.05214 1187.18576 3143.14132 7417.37342 1183.61111 3145.73509 7424.64761 1179.19301 3148.85114 7432.69553 1173.91715 3152.06784 7439.14918 1169.61947 3154.44748 7447.08727 1164.34577 3157.10542 7453.388 1160.25719 3158.92201 7462.268 1154.66196 3161.0705 7464.05171 1153.7486 3161.44213 7469.93968 1151.28592 3162.54216 7478.47731 1149.4968 3164.72426 7510.68861 1168.07125 3185.16546
12 6678.85202 1659.84316 3426.6123 6690.31012 1630.17889 3311.6391 6694.2862 1627.84548 3306.78937 6700.80713 1624.49486 3300.98371 6707.01164 1621.23013 3295.44531 6712.41421 1618.28465 3290.46265 6717.77054 1615.51294 3285.34725 6723.13229 1613.1847 3280.34312 6733.46097 1612.85298 3274.17335 6740.91739 1613.37378 3271.33891 6757.69804 1607.51811 3266.66289 6763.22181 1603.46862 3265.21662
17 6678.85202 1659.84316 3426.6123 6727.85115 1737.14909 3511.16752 6735.01127 1741.71362 3518.19442 6738.4688 1756.56321 3519.28131 6739.01052 1757.84986 3520.29587 6743.89842 1766.71279 3531.36924 6758.64912 1768.12396 3533.42303 6768.13501 1769.08636 3533.81642 6777.50415 1770.39139 3533.22795 6786.29826 1772.26254 3531.5016 6797.01987 1779.00449 3529.17153 6804.8585 1786.28288 3527.57412 6808.55998 1790.04491 3526.91066 6812.84777 1794.77565 3526.38636 6818.60618 1802.12323 3526.46879 6840.71826 1829.17106 3530.11243 6849.24961 1839.60674 3531.51824
3 6235.70349 1463.88323 3479.81016 6245.29171 1464.94322 3480.52325 6269.59969 1467.62547 3489.22742
2 6464.28632 1390.34169 3510.24478 6467.08362 1400.80801 3519.45714
21 6763.22181 1603.46862 3265.21662 6770.89891 1584.72409 3264.41164 6772.67093 1575.7739 3263.75239 6773.22089 1572.89464 3263.53272 6774.22927 1567.80018 3263.24391 6775.73412 1560.46507 3262.9014 6778.72161 1548.82046 3263.05081 6780.66033 1542.83619 3263.65378 6782.34133 1537.86501 3264.21739 6783.60438 1534.21016 3264.65322 6785.82505 1527.81622 3265.43113 6788.41642 1520.1848 3266.12635 6791.85079 1508.54292 3266.78825 6793.7172 1498.39371 3266.65399 6795.08537 1486.28363 3266.17422 6793.82092 1470.13628 3264.62308 6792.69617 1462.37144 3263.63184 6791.12957 1445.0616 3261.54052 6800.11621 1431.61605 3262.86629 6808.78883 1429.04052 3265.1341 6831.90133 1427.74745 3272.65133
2 6422.26476 1379.5156 3869.80517 6441.68619 1378.92793 3860.51037
45 6422.26476 1379.5156 3869.80517 6417.39337 1373.26177 3871.5365 6400.63774 1356.6519 3868.096 6398.90214 1350.08762 3865.827 6398.29285 1345.14937 3863.90886 6397.79452 1340.87899 3862.15719 6397.08702 1330.05007 3857.28397 6394.9472 1315.73081 3852.48735 6391.87945 1303.17517 3849.1827 6389.24639 1293.54036 3846.61837 6380.00526 1277.93146 3840.63409 6373.9164 1267.15848 3834.56866 6374.11226 1254.87179 3826.45676 6377.03706 1245.78013 3818.91318 6379.9322 1239.34235 3813.6125 6383.09343 1234.64225 3809.76452 6383.26523 1234.40609 3809.57045 6389.02882 1225.88317 3802.39421 6408.36254 1212.08561 3791.31457 6415.88779 1207.44768 3787.15567 6420.36896 1204.91174 3784.6753 6424.44389 1202.80827 3782.4236 6430.18646 1199.98704 3779.24451 6439.7938 1195.52039 3773.88736 6446.428 1192.7045 3770.10193 6453.61083 1190.24645 3766.00271 6461.33172 1187.99536 3761.71482 6470.84939 1185.81364 3756.69503 6490.21621 1182.70156 3747.55505 6504.31479 1181.68646 3742.24241 6517.94192 1181.77432 3738.17664 6522.29031 1181.97912 3737.01057 6527.09897 1182.26903 3735.76464 6541.17858 1183.96821 3732.56518 6550.81123 1186.04157 3730.51537 6559.08599 1188.27209 3728.80017 6566.20282 1190.56673 3727.35321 6571.79098 1192.6187 3726.29187 6579.70104 1195.96021 3724.96314 6588.39182 1200.54438 3723.89811 6595.76189 1207.42268 3724.9657 6602.73427 1214.49273 3726.41213 6608.47098 1224.177 3730.39749 6611.4992 1230.79149 3733.54788 6614.62552 1245.88311 3742.5487
5 6422.26476 1379.5156 3869.80517 6410.35981 1390.25912 3877.71712 6403.70927 1393.52095 3884.00977 6388.59588 1397.70436 3923.3039 6378.26539 1401.95111 3930.97917
84 7749.03532 965.580812 3080.44736 7752.82714 978.980054 3069.28357 7763.23698 986.705103 3062.46552 7773.10665 991.858306 3058.46672 7784.5966 996.592214 3054.76688 7791.8833 999.213271 3052.47775 7795.50492 1000.19316 3051.29956 7800.56146 1001.56688 3049.57765 7803.6217 1002.39794 3048.47628 7808.73556 1003.78497 3046.54001 7815.61262 1005.62047 3043.19672 7824.1072 1008.05647 3038.23488 7830.88784 1010.43598 3033.96394 7839.66586 1014.81054 3028.18841 7843.46799 1017.3128 3025.65812 7850.01453 1022.35933 3021.27889 7860.66927 1032.7163 3014.06776 7865.8524 1038.37305 3010.49247 7873.14406 1047.78408 3005.24085 7877.75466 1057.28182 3001.14555 7880.29508 1064.40047 2998.37347 7881.74031 1071.1965 2996.1264 7880.67344 1078.23502 2994.97165 7878.88764 1086.57134 2993.80344 7878.38975 1088.57182 2993.55007 7874.06719 1099.56989 2993.18124 7865.78525 1111.87918 2995.36969 7860.46819 1119.13584 2997.22633 7857.37675 1123.21133 2998.44804 7852.21126 1129.65032 3000.92908 7844.64838 1138.14909 3005.52976 7836.69766 1144.81122 3011.40335 7834.17071 1146.84025 3013.14635 7827.46296 1151.94696 3017.45148 7818.05953 1157.91431 3022.12574 7806.92867 1164.22325 3026.72643 7797.31266 1169.32394 3030.22986 7796.37806 1169.79598 3030.52661 7790.3874 1172.68417 3032.14935 7787.12496 1174.24926 3033.00879 7783.24962 1176.10489 3034.02366 7777.82517 1178.69649 3035.4648 7771.37842 1181.66576 3037.57759 7762.94653 1185.4229 3040.70795 7755.2703 1188.69468 3043.78726 7750.91182 1190.49512 3045.70039 7736.74479 1195.53463 3055.05786 7729.77499 1197.80504 3061.48389 7723.61673 1199.72143 3068.77126 7720.13163 1200.78045 3072.99349 7715.00726 1202.13066 3079.09248 7713.4069 1202.4695 3080.88012 7707.86405 1203.4927 3086.82137 7701.28966 1204.48887 3093.33033 7696.90314 1205.07962 3097.36318 7690.98354 1205.84454 3102.64958 7683.99058 1206.60848 3108.40975 7677.76921 1206.95991 3113.17568 7669.63467 1206.66758 3118.71013 7661.61954 1205.55108 3123.37021 7653.83159 1203.9572 3127.38283 7648.13167 1202.75197 3130.27412 7639.00264 1200.70353 3134.753 7637.43105 1200.36962 3135.53104 7629.47544 1199.00918 3139.61009 7623.71451 1198.32167 3142.65432 7618.99162 1197.77849 3145.15174 7610.48137 1197.14522 3149.65679 7606.36705 1196.90139 3151.83259 7600.65791 1196.67876 3154.84417 7591.66344 1196.2677 3159.59329 7587.58384 1196.01644 3161.77746 7579.30626 1195.44906 3166.24594 7573.56386 1194.68293 3169.66701 7566.67516 1193.66142 3173.86589 7560.78577 1192.55535 3177.67095 7555.87015 1191.55684 3180.74169 7551.33826 1190.63992 3183.28742 7549.77877 1190.30987 3184.1196 7544.50769 1188.87834 3186.86846 7540.75855 1187.83184 3188.75491 7536.2078 1186.46869 3190.74601 7532.97897 1185.49399 3191.94397 7510.68861 1168.07125 3185.16546
35 7749.03532 965.580812 3080.44736 7737.15792 967.283134 3084.75796 7730.80569 968.360553 3087.81082 7720.76547 970.244728 3094.14201 7712.01187 972.493391 3100.06562 7703.48454 976.828513 3105.76132 7697.98604 980.543671 3109.10551 7693.90548 983.802602 3111.35101 7687.41285 989.307465 3114.54271 7682.11896 994.251434 3116.77612 7678.15841 997.987776 3118.42502 7672.60048 1003.27499 3120.70938 7667.75599 1007.8697 3122.73219 7658.44315 1016.22499 3127.23539 7651.60033 1022.38339 3130.55081 7645.41949 1028.01148 3133.46637 7637.82975 1035.00582 3136.91441 7632.89256 1039.58629 3139.03832 7630.29223 1042.00228 3140.12827 7625.22152 1046.71159 3142.25635 7621.23281 1050.41343 3144.01303 7617.38275 1053.97306 3145.74974 7611.49353 1059.26484 3148.59474 7603.72269 1065.83275 3152.53832 7599.77083 1068.82727 3154.57571 7595.17569 1072.08432 3156.90759 7591.04502 1074.92564 3158.99114 7571.45186 1088.55184 3164.62363 7560.61008 1096.80301 3167.48054 7557.0434 1101.50244 3168.56978 7554.14411 1105.44043 3169.47884 7545.40146 1119.29375 3172.44005 7540.30997 1128.54916 3173.8644 7532.71121 1141.66157 3175.41619 7510.68861 1168.07125 3185.16546
17 6614.62552 1245.88311 3742.5487 6613.13722 1259.91736 3751.7016 6611.71352 1264.55112 3754.69923 6609.4399 1270.24748 3758.31231 6607.93377 1273.80703 3760.54337 6602.74193 1282.96251 3766.00924 6598.39154 1289.37569 3769.95868 6590.07868 1300.93095 3777.11549 6585.6967 1306.39409 3780.38688 6582.5719 1310.20137 3782.64646 6581.84074 1311.06807 3783.1534 6577.16727 1316.58932 3786.37748 6570.40228 1324.33395 3790.75836 6562.119 1333.40968 3795.7473 6558.55939 1337.19355 3797.71964 6554.78741 1341.18976 3799.76909 6542.50446 1354.10039 3804.8201
23 6461.87449 1445.70531 3683.54587 6473.081 1442.27167 3679.67742 6484.36946 1440.62216 3679.10742 6491.94475 1440.92671 3681.53777 6502.10879 1442.44629 3687.41112 6503.23555 1442.67486 3688.19584 6508.91019 1443.99185 3692.64272 6513.59162 1445.27638 3697.40831 6519.00985 1446.67303 3703.36811 6523.98944 1447.85545 3709.37097 6527.9339 1448.61702 3714.49164 6533.01424 1448.99464 3722.43177 6536.85559 1448.96706 3728.90365 6539.3686 1445.59268 3737.38112 6539.75383 1440.16692 3745.55147 6539.81539 1436.99981 3750.16234 6539.32702 1430.29297 3759.45805 6538.38986 1423.41759 3768.78853 6536.84141 1419.27188 3774.3063 6535.07758 1413.42367 3780.56897 6534.00583 1398.05814 3794.71169 6535.15115 1389.07384 3799.7003 6528.99236 1369.45338 3810.14172
21 6461.87449 1445.70531 3683.54587 6456.16011 1443.33403 3674.35173 6449.76602 1443.50189 3668.09252 6445.26608 1443.62509 3663.50157 6439.38469 1444.49185 3656.63638 6431.43833 1446.88275 3646.42933 6427.50611 1448.54275 3640.6682 6423.38832 1450.44323 3633.941 6418.33483 1453.08887 3623.51383 6414.80714 1455.08484 3613.09902 6416.36924 1454.49088 3594.60205 6419.73795 1452.93545 3577.09759 6423.88355 1450.69116 3571.34561 6429.89096 1447.35273 3563.39758 6436.61638 1443.17343 3555.68343 6439.39461 1441.34883 3552.61746 6447.10898 1435.89917 3544.46963 6451.22887 1432.67234 3540.0421 6451.71366 1432.17843 3539.47624 6459.7691 1423.46521 3529.92006 6467.08362 1400.80801 3519.45714
23 6461.87449 1445.70531 3683.54587 6456.92854 1450.94438 3693.65851 6452.51734 1455.65497 3702.74072 6451.05859 1458.23109 3707.94455 6449.60193 1461.36698 3715.48026 6448.84382 1463.3848 3721.78167 6448.40539 1464.67062 3726.69718 6447.66115 1466.87626 3736.9964 6446.71095 1467.6512 3747.06946 6445.38069 1467.81273 3758.82271 6442.92127 1466.04372 3774.58836 6441.56456 1464.41566 3781.15459 6439.56548 1461.64812 3789.72546 6437.83583 1458.86032 3796.50118 6436.07645 1455.30605 3802.8359 6433.90394 1450.04725 3811.0194 6433.71322 1449.5321 3811.76438 6432.31372 1445.27619 3817.42903 6432.33243 1436.73672 3825.66648 6434.05474 1423.69112 3835.44475 6435.19451 1414.58315 3841.70568 6435.86165 1407.04074 3846.5081 6441.68619 1378.92793 3860.51037
2 6528.99236 1369.45338 3810.14172 6542.50446 1354.10039 3804.8201
12 6528.99236 1369.45338 3810.14172 6513.15336 1372.15746 3821.36309 6507.26911 1373.00017 3825.80637 6497.84673 1374.39122 3832.09812 6491.45579 1375.27392 3836.27571 6489.99079 1375.47865 3837.23159 6483.91629 1376.35865 3841.19825 6475.59221 1377.61684 3846.76017 6466.54509 1378.94671 3852.9105 6453.64063 1380.58578 3861.78532 6451.05273 1375.3508 3856.83695 6441.68619 1378.92793 3860.51037
12 6269.59969 1467.62547 3489.22742 6291.90538 1477.06293 3495.05239 6294.2705 1479.05628 3495.7028 6304.26448 1487.11637 3498.16871 6305.38161 1487.82998 3498.35584 6325.04745 1500.0772 3501.71576 6329.38846 1503.53556 3504.49186 6336.07548 1508.06501 3508.79653 6343.97261 1512.80918 3514.01632 6356.75459 1525.05038 3526.76678 6364.91109 1534.66397 3531.73808 6373.06759 1544.27756 3536.70939
33 6467.08362 1400.80801 3519.45714 6477.95088 1420.51212 3505.00286 6482.84366 1424.33736 3507.71039 6491.03491 1430.10195 3508.75567 6504.61031 1438.10233 3506.04728 6513.49673 1443.0756 3504.29039 6523.96397 1448.4872 3502.55583 6526.06272 1449.54442 3502.1966 6535.52264 1454.0965 3500.51559 6541.66898 1457.43703 3500.13973 6548.41082 1461.15995 3499.85266 6554.22484 1464.68877 3499.82552 6556.00423 1465.80802 3499.84237 6560.07004 1468.42895 3499.91928 6561.69054 1469.49186 3499.94172 6570.03184 1475.00908 3500.03533 6571.15608 1475.7713 3500.02417 6576.94188 1479.70825 3499.94609 6584.63385 1484.95411 3499.61047 6590.84708 1489.12823 3499.16447 6596.08475 1492.60744 3498.76122 6598.81449 1494.35778 3498.5564 6607.28576 1499.68653 3497.93881 6614.66753 1503.91438 3497.70114 6623.99576 1508.79971 3497.80476 6625.35593 1509.48422 3497.85119 6632.51592 1513.01955 3498.16836 6638.9031 1516.02399 3498.65446 6645.60406 1519.15466 3499.19198 6650.21701 1521.30269 3499.58139 6661.07407 1526.19119 3500.84713 6667.02341 1528.65125 3502.19754 6683.49851 1533.82353 3510.572
9 5977.44435 1459.69698 3584.07834 5977.07958 1449.23716 3581.40138 5975.80806 1443.57741 3580.41622 5973.90212 1436.5676 3579.39256 5970.76069 1428.89401 3579.4769 5970.43381 1428.15916 3579.56785 5966.13598 1419.02762 3581.225 5962.17692 1410.14346 3583.10462 5964.18654 1392.5114 3584.97439
