72 4671.02394 1482.56527 1095.88195 4673.19738 1485.02025 1098.74627 4675.37082 1487.47523 1101.61059 4677.54426 1489.93021 1104.4749 4679.7177 1492.38519 1107.33922 4681.89114 1494.84017 1110.20354 4684.06458 1497.29515 1113.06786 4686.23802 1499.75013 1115.93217 4688.41147 1502.20511 1118.79649 4690.58491 1504.66008 1121.66081 4692.75835 1507.11506 1124.52513 4694.93179 1509.57004 1127.38944 4697.10523 1512.02502 1130.25376 4699.27867 1514.48 1133.11808 4701.45211 1516.93498 1135.9824 4703.62555 1519.38996 1138.84671 4705.79899 1521.84494 1141.71103 4707.97243 1524.29992 1144.57535 4710.14587 1526.7549 1147.43967 4712.31931 1529.20988 1150.30398 4714.49275 1531.66486 1153.1683 4716.66619 1534.11983 1156.03262 4717.6617 1536.48873 1157.32164 4718.38367 1538.22167 1158.28157 4719.29998 1540.42788 1159.50843 4720.21206 1542.63562 1160.71964 4721.53817 1545.87262 1162.36455 4721.61241 1546.05331 1162.45522 4722.81244 1548.96344 1163.9052 4723.77742 1551.35574 1164.92166 4724.95752 1554.4747 1165.53188 4725.81438 1556.74861 1165.93002 4726.62515 1558.76125 1166.25062 4727.42687 1560.7184 1166.54168 4728.87029 1564.266 1167.01078 4730.475 1568.06916 1167.41349 4732.41597 1571.9435 1167.97642 4734.55389 1575.88052 1168.56485 4735.84573 1578.18842 1168.84297 4737.65679 1581.45615 1169.1801 4738.37577 1584.63757 1167.97421 4739.41883 1587.7844 1166.77833 4740.64974 1590.90543 1165.62053 4741.01903 1591.82828 1165.26226 4741.61822 1593.30433 1164.6549 4742.97743 1596.55162 1163.1822 4743.06098 1596.75036 1163.09127 4744.22394 1599.49485 1161.82211 4745.00003 1601.35966 1160.92396 4746.82566 1607.02159 1157.14395 4747.46068 1610.08022 1154.37789 4747.68862 1611.61892 1152.78765 4747.87391 1613.1299 1151.14604 4748.04217 1615.48398 1148.33629 4748.07445 1616.22675 1147.40358 4748.0881 1617.01445 1146.36676 4748.0783 1618.58291 1144.21496 4747.9611 1619.89813 1142.13703 4747.8976 1620.54227 1141.10315 4747.83901 1620.97728 1140.36286 4747.67604 1622.06223 1138.45403 4747.40663 1623.52504 1135.67666 4747.26615 1624.22907 1134.28872 4747.14821 1624.79775 1133.14629 4746.77561 1626.42819 1129.71706 4746.28906 1628.32081 1125.53608 4745.63102 1629.7775 1121.49902 4745.1134 1630.78846 1118.52547 4744.39252 1631.87893 1114.86772 4744.2076 1632.11136 1113.99723 4743.71717 1632.64023 1111.8057 4741.47956 1633.99587 1103.06774
57 4924.33119 1791.7627 1015.88609 4919.06219 1789.51542 1013.95639 4916.64617 1788.64532 1013.8287 4916.08961 1788.4507 1013.80641 4913.71165 1787.64029 1013.72965 4910.86344 1786.67898 1013.6481 4905.82625 1784.96848 1013.50319 4903.07407 1783.97623 1013.36944 4901.25238 1783.26939 1013.23813 4898.85416 1782.30406 1013.05519 4896.81943 1781.48945 1012.89955 4894.00553 1780.49723 1012.67736 4890.98292 1779.37734 1012.47955 4886.55739 1777.42137 1012.38609 4884.42762 1776.28176 1012.46911 4882.3163 1775.05712 1012.61629 4879.76194 1773.35185 1012.94335 4878.30759 1772.3012 1013.15752 4876.92826 1771.21141 1013.36616 4874.2895 1769.06934 1013.75077 4874.04591 1768.85947 1013.76973 4871.56012 1766.68332 1013.91018 4869.36735 1764.59174 1013.81166 4867.41019 1762.56506 1013.5615 4866.11067 1761.2113 1013.38768 4865.86943 1760.95466 1013.35407 4863.64821 1758.67359 1013.199 4861.39856 1756.62715 1013.51534 4859.06355 1754.51515 1013.87979 4857.22126 1753.19129 1014.37216 4856.55046 1752.74848 1014.56977 4855.47865 1752.0668 1014.89448 4854.22123 1751.28895 1015.27708 4852.87209 1750.45932 1015.68736 4852.1797 1750.04026 1015.89755 4850.17921 1748.80962 1016.49905 4846.992 1745.94132 1017.26097 4843.9393 1745.40339 1018.2207 4840.01549 1745.32051 1019.60752 4838.70771 1745.63701 1020.50803 4836.57116 1746.16018 1021.99501 4834.7009 1746.66297 1023.31158 4832.6325 1747.3459 1024.77407 4830.36788 1748.33303 1026.36668 4830.17557 1748.42225 1026.50624 4827.10383 1749.97698 1028.88204 4824.7576 1751.28123 1031.03788 4823.33212 1752.14232 1032.68847 4822.34911 1752.74045 1034.00197 4822.08891 1752.89034 1034.34238 4820.23355 1753.83911 1036.64531 4819.50586 1754.13674 1037.38663 4817.64851 1754.81023 1039.2921 4815.55754 1755.38137 1041.60619 4813.88987 1755.69613 1043.61087 4811.5899 1755.87921 1046.63491 4808.64201 1754.91075 1050.12029
8 4753.16839 1663.52079 1080.8133 4749.94603 1658.25633 1088.53902 4748.86157 1655.90839 1091.00635 4748.40517 1654.7898 1092.02853 4746.31907 1649.22814 1096.53389 4745.04445 1645.43102 1098.82188 4744.19908 1642.80323 1099.98923 4741.47956 1633.99587 1103.06774
49 4753.16839 1663.52079 1080.8133 4755.04568 1661.74609 1074.2132 4756.34085 1661.06587 1070.39813 4757.79478 1659.85308 1066.08536 4758.3783 1659.30058 1064.37811 4758.57061 1659.10445 1063.8189 4759.68826 1657.87967 1060.57931 4761.48457 1656.63522 1056.28803 4763.24574 1655.43017 1052.3531 4764.80149 1654.28642 1049.11189 4765.22795 1653.96094 1048.19829 4766.44848 1653.02673 1045.57974 4767.3205 1652.35509 1043.702 4768.47299 1651.39812 1041.16427 4768.72725 1651.1676 1040.58935 4769.4182 1650.52019 1039.01274 4770.74803 1649.12395 1035.81071 4771.73953 1647.85058 1033.15977 4772.78366 1646.44001 1030.27856 4773.54373 1645.27439 1027.96541 4774.01879 1644.0641 1025.7646 4774.29557 1643.21294 1024.25313 4774.68421 1641.98702 1022.08274 4775.01563 1640.85535 1020.09918 4775.36145 1639.67747 1018.03392 4775.8157 1638.06692 1015.2209 4776.14576 1636.89452 1013.1747 4776.416 1635.86113 1011.3709 4775.93584 1633.12217 1006.41399 4775.53475 1631.98402 1004.24299 4775.3675 1631.63492 1003.55309 4773.97469 1629.23457 998.680173 4772.7975 1627.7738 995.554449 4771.47887 1626.51537 992.725725 4771.27721 1626.32498 992.298679 4769.63032 1624.70918 988.895 4768.00283 1622.77622 985.837699 4766.81572 1621.27063 983.705685 4765.7173 1619.83023 981.74153 4764.8617 1618.64804 980.196732 4764.13782 1617.20968 978.706604 4763.37863 1615.36325 976.95457 4762.68261 1613.64284 974.812443 4761.44072 1610.03878 970.29128 4760.06551 1604.8021 967.615885 4759.72094 1601.57664 967.089261 4760.47199 1599.14598 966.105576 4762.30894 1595.27403 964.47802 4767.29787 1589.38966 961.582524
40 4753.16839 1663.52079 1080.8133 4752.55809 1669.77003 1086.14429 4753.10071 1672.86201 1086.39135 4753.89684 1676.49069 1086.42855 4756.10114 1682.81259 1085.21434 4757.23619 1685.81914 1084.48628 4758.30268 1688.482 1083.74565 4759.81626 1691.69665 1082.64571 4761.26851 1694.04946 1081.53978 4763.13004 1697.22164 1080.04844 4763.95705 1698.67758 1079.36326 4764.24815 1699.21541 1079.11002 4765.38106 1701.36212 1078.09786 4767.36288 1705.22383 1076.27524 4768.53994 1707.51479 1075.18906 4770.02772 1710.17155 1073.80184 4772.39847 1714.28508 1071.53898 4774.63245 1717.76655 1069.25875 4776.2429 1720.08177 1067.51305 4777.40271 1721.55918 1066.25387 4777.9663 1722.2627 1065.63953 4779.30186 1723.93136 1064.17728 4780.41198 1725.31944 1062.95531 4781.63653 1726.83464 1061.59001 4783.77893 1729.48993 1059.22884 4785.85724 1732.14456 1057.05952 4788.09156 1735.00987 1055.43296 4789.89399 1737.31014 1054.62493 4790.4161 1737.97236 1054.40632 4791.18744 1738.94268 1054.10065 4791.82371 1739.7337 1053.8626 4793.01053 1741.19898 1053.43029 4794.18873 1742.61467 1053.04032 4796.58085 1745.32725 1052.43235 4799.12191 1747.84228 1052.50708 4801.32096 1749.60766 1052.14909 4803.6513 1751.34846 1051.58402 4804.15363 1751.71937 1051.46355 4806.14952 1753.18437 1050.98932 4808.64201 1754.91075 1050.12029
29 4862.35133 1673.22437 1264.9431 4858.91154 1675.88063 1264.68377 4855.47176 1678.53689 1264.42445 4852.03197 1681.19315 1264.16513 4848.59219 1683.84941 1263.90581 4845.1524 1686.50567 1263.64648 4841.71262 1689.16193 1263.38716 4838.27283 1691.81818 1263.12784 4834.83305 1694.47444 1262.86851 4831.39326 1697.1307 1262.60919 4827.95348 1699.78696 1262.34987 4824.51369 1702.44322 1262.09054 4821.0739 1705.09948 1261.83122 4816.03461 1716.16341 1262.70604 4815.69129 1718.98616 1262.38663 4815.17865 1723.81968 1261.79238 4815.00673 1725.42035 1261.55831 4814.8134 1726.83877 1261.31384 4814.05917 1732.60457 1260.02982 4815.10535 1735.51819 1259.14129 4815.87541 1737.56294 1258.50335 4816.91313 1740.63796 1257.81139 4817.47863 1742.72879 1257.50548 4817.91787 1744.36008 1257.22867 4818.84922 1747.50035 1256.58764 4821.10318 1752.34622 1255.01192 4822.36854 1754.61716 1254.10851 4822.97411 1755.49882 1253.69162 4827.00236 1760.03077 1251.66671
48 4779.64943 1383.54735 979.740317 4779.72469 1387.76392 980.821945 4779.4141 1389.63055 980.671767 4779.19221 1390.96561 980.564465 4778.86313 1392.95457 980.405134 4778.48802 1395.23102 980.223114 4777.9049 1398.73422 979.921014 4777.33859 1402.07862 979.556563 4776.80738 1405.42183 979.123382 4776.73679 1405.95686 979.048428 4776.58502 1408.86444 978.571125 4776.51619 1411.32183 978.088223 4776.49445 1413.92455 977.51835 4776.82216 1420.99481 975.474351 4776.93818 1425.91595 973.767579 4776.87299 1426.98598 973.443276 4775.88067 1433.12625 971.993781 4775.33638 1435.62085 971.539295 4774.76264 1437.95176 971.190189 4774.11132 1440.51162 970.830074 4773.30808 1443.32886 970.459532 4773.02273 1444.15635 970.355835 4772.04588 1446.89796 969.997953 4771.68906 1448.05786 969.792491 4770.87903 1450.53351 969.317438 4768.68319 1454.81627 968.471346 4764.03155 1466.09558 965.311064 4763.36961 1467.6297 964.915104 4763.37457 1471.58777 963.961446 4763.59483 1475.07692 963.279045 4763.61101 1478.06523 963.514371 4763.6116 1478.27429 963.532386 4763.61215 1481.80741 963.885937 4763.6128 1484.94771 964.184132 4763.59835 1487.81743 964.455493 4763.46757 1490.86304 964.95424 4763.21805 1494.06062 965.625978 4762.97851 1496.81005 966.233946 4762.76977 1499.07607 966.74956 4762.65285 1500.28186 967.022627 4762.34803 1503.13842 967.665294 4761.793 1507.94873 968.751528 4760.94438 1512.71916 970.992443 4760.23028 1510.79386 973.46787 4758.60209 1511.85171 975.348516 4756.37159 1514.7309 977.034088 4754.24936 1517.65751 978.473144 4743.91563 1531.17568 985.403555
10 4743.91563 1531.17568 985.403555 4747.95384 1534.36462 981.256811 4753.15897 1560.22767 973.755551 4754.70207 1565.80841 971.944132 4755.09041 1566.81085 971.597915 4756.13193 1569.39924 970.69471 4757.39944 1572.16309 969.628862 4758.13218 1573.69492 969.014749 4760.27191 1577.85334 967.233907 4767.29787 1589.38966 961.582524
60 4743.91563 1531.17568 985.403555 4736.55339 1539.09 991.304792 4733.52922 1542.65258 994.188984 4731.72544 1545.00344 996.047758 4730.005 1547.37386 997.913284 4727.69898 1548.06618 999.990463 4724.9325 1548.25124 1002.36018 4723.34911 1548.44733 1003.73515 4722.25419 1548.61022 1004.69605 4720.55161 1548.93687 1006.23708 4717.62402 1550.73371 1010.43983 4716.64036 1551.55456 1012.16552 4716.10606 1552.00522 1013.12299 4715.38073 1552.61484 1014.46077 4715.07818 1552.92539 1015.07925 4713.91177 1554.20746 1017.54292 4713.23385 1555.33183 1019.27613 4712.94039 1555.82385 1020.03555 4712.04506 1557.16365 1022.30126 4711.39698 1558.75044 1024.57909 4711.59789 1560.87245 1026.44905 4712.21203 1563.94674 1028.76736 4713.04735 1568.26508 1032.64129 4713.46769 1570.57839 1035.30005 4713.80572 1572.21349 1037.27353 4714.16225 1573.89254 1039.30794 4714.88097 1577.23577 1043.32294 4715.38843 1579.49814 1045.9627 4715.64622 1580.59327 1047.2218 4715.72907 1580.93733 1047.61447 4716.09448 1582.3711 1049.20785 4716.63916 1584.42964 1051.41815 4717.15794 1586.44325 1053.5332 4717.4458 1587.55918 1054.70204 4717.48599 1587.70995 1054.85851 4718.10348 1590.01207 1057.24424 4718.24683 1590.52923 1057.77826 4718.89048 1592.74979 1060.05857 4719.57788 1594.66122 1061.94115 4720.25582 1596.45366 1063.68149 4720.9134 1598.16388 1065.32559 4721.48757 1599.64109 1066.72837 4722.22142 1601.48748 1068.39393 4723.08824 1603.66444 1070.31281 4723.57861 1604.88811 1071.39381 4724.14727 1606.29735 1072.64206 4724.73388 1607.65244 1073.90016 4724.96374 1608.16329 1074.389 4725.48877 1609.32775 1075.50612 4726.05313 1610.58951 1076.72959 4726.66096 1611.95042 1078.05076 4727.5491 1613.94981 1080.01294 4728.479 1615.83331 1082.00138 4729.41465 1617.79595 1083.9121 4730.46907 1620.06867 1085.96118 4732.62129 1623.62933 1089.47735 4734.64782 1626.17817 1092.00281 4736.10815 1627.99911 1093.8756 4737.31335 1629.44511 1095.80149 4741.47956 1633.99587 1103.06774
49 4843.53453 1620.5697 834.200559 4842.7295 1621.34603 838.408207 4841.92447 1622.12237 842.615856 4841.11945 1622.89871 846.823504 4840.31442 1623.67505 851.031153 4839.50939 1624.45139 855.238801 4838.70436 1625.22773 859.44645 4837.69966 1624.66324 866.245249 4837.54348 1624.58306 866.755039 4835.84323 1623.72844 871.199886 4834.7972 1623.26262 873.754225 4833.51975 1622.92705 876.723474 4832.29601 1622.73149 879.328443 4830.52547 1622.54667 882.798901 4829.12404 1622.3909 885.600378 4827.82739 1622.23345 888.293589 4827.52066 1622.21048 888.904371 4825.96775 1622.14112 891.905542 4824.83087 1622.15088 893.999315 4822.44237 1622.86075 897.404023 4820.81146 1623.05695 899.426072 4818.27477 1623.24525 902.429774 4815.6932 1623.23233 905.274236 4815.28494 1623.208 905.713106 4813.43126 1623.054 907.684108 4811.50635 1622.62532 909.807122 4810.20435 1622.29527 911.263691 4808.26871 1621.7664 913.4873 4806.87932 1621.21172 915.356562 4805.84987 1620.77725 916.778452 4804.15236 1620.05386 919.131493 4800.56759 1618.48934 924.059419 4798.35588 1617.43595 926.93329 4796.09204 1616.07476 929.729541 4793.11076 1613.95227 933.375106 4791.11248 1612.39978 935.854467 4789.39269 1610.79331 938.069646 4788.37916 1609.80421 939.389202 4786.32391 1607.5458 942.020217 4784.85981 1605.50351 943.891693 4784.3859 1604.80667 944.509786 4783.32654 1603.08945 945.995038 4782.13485 1601.01528 947.642675 4780.97675 1598.97392 949.19169 4780.29086 1597.82838 950.105144 4778.62256 1595.19073 952.292064 4777.54228 1593.36899 953.810977 4774.97798 1590.68062 956.374634 4767.29787 1589.38966 961.582524
69 4827.00236 1760.03077 1251.66671 4827.77076 1763.77399 1244.73537 4826.41775 1763.7786 1242.14741 4825.22645 1763.84614 1239.70863 4822.72586 1763.93908 1234.72393 4820.84353 1763.9737 1231.17031 4820.62458 1763.98061 1230.74994 4819.40226 1764.03312 1228.35715 4818.39489 1764.08755 1226.24021 4817.29501 1764.17273 1223.52546 4816.36334 1764.22757 1221.35619 4814.95996 1764.28746 1218.36135 4813.69935 1764.3364 1215.98038 4812.07577 1764.41064 1213.22928 4810.05893 1764.6569 1208.684 4809.08541 1764.81033 1206.01037 4808.18306 1764.93741 1203.39385 4806.78658 1765.10483 1199.26404 4805.09924 1765.2743 1194.16177 4803.64238 1765.63925 1189.0391 4803.54583 1765.67035 1188.67754 4802.90295 1765.94029 1186.08314 4802.20257 1766.26819 1183.23744 4801.19915 1766.74605 1179.23166 4800.41155 1767.08887 1176.26669 4799.55625 1767.32147 1172.54445 4799.08133 1767.38049 1170.18106 4798.50343 1767.43477 1167.30126 4798.01026 1767.43724 1164.89496 4797.50327 1767.48304 1162.128 4797.1703 1767.59907 1159.80953 4796.79221 1767.90488 1156.24833 4796.5619 1768.23347 1153.37444 4796.4638 1768.43687 1151.8382 4796.44391 1768.52575 1151.23784 4796.38859 1769.39968 1145.71027 4796.58994 1769.82829 1143.44337 4796.79357 1770.24031 1141.24124 4797.10175 1770.74095 1138.72417 4797.2519 1770.94708 1137.65683 4797.67004 1771.4877 1134.82433 4798.06745 1771.83872 1132.22599 4798.29687 1772.00785 1130.73288 4798.57666 1772.16758 1128.90971 4798.91694 1772.30186 1126.66151 4799.35607 1772.45219 1123.73923 4799.71542 1772.54333 1121.29322 4800.10428 1772.60848 1118.56834 4800.57091 1772.65198 1115.24073 4801.00007 1772.67344 1112.16563 4801.40581 1772.64331 1109.28531 4801.80295 1772.54191 1106.51859 4802.05715 1772.45549 1104.76356 4802.49677 1772.17133 1101.84316 4802.98323 1771.67996 1098.96844 4803.83258 1770.76965 1094.06916 4804.44854 1770.06672 1090.50478 4804.8832 1769.43265 1088.01535 4805.26523 1768.63854 1085.75625 4806.06242 1766.6472 1080.41474 4807.28579 1763.94915 1074.36275 4807.53378 1763.31719 1071.23886 4807.9642 1762.37598 1068.31947 4808.5112 1761.38987 1065.6313 4808.82388 1760.9307 1064.53279 4809.57529 1759.36786 1060.82332 4809.53399 1757.65044 1056.74606 4809.36174 1756.79946 1054.73735 4808.64201 1754.91075 1050.12029
67 4827.00236 1760.03077 1251.66671 4833.64886 1765.57707 1250.99274 4836.18205 1766.91268 1252.2672 4838.74422 1768.58268 1253.06602 4846.05717 1772.61389 1256.39248 4846.33111 1772.7599 1256.50785 4849.57949 1774.38243 1257.65291 4853.44001 1775.84868 1257.94345 4852.12149 1775.69906 1252.87869 4854.20792 1776.66039 1253.46416 4858.0807 1778.53716 1254.41224 4860.88118 1779.91057 1255.09922 4864.412 1781.94361 1255.80902 4866.72177 1783.545 1255.80228 4869.82808 1785.29746 1255.99455 4871.26554 1786.04906 1256.12188 4872.83316 1786.85527 1256.27174 4876.20776 1788.53976 1256.63993 4879.33041 1789.71684 1257.33902 4881.09899 1790.14104 1257.95995 4886.74801 1791.52749 1259.93103 4892.16345 1792.89747 1261.81345 4894.34369 1793.45046 1262.57728 4895.99625 1793.8644 1263.16468 4897.03752 1794.11427 1263.53493 4900.42916 1794.7823 1264.73827 4903.95359 1794.74756 1265.98439 4904.87518 1794.65035 1266.33538 4907.20282 1794.36235 1267.2435 4910.03457 1793.84655 1268.46205 4910.27509 1793.80595 1268.56852 4913.03225 1793.41527 1269.85263 4927.84724 1792.01073 1274.94801 4929.62772 1789.43534 1272.48944 4930.01024 1788.61651 1271.91024 4931.23107 1784.81638 1270.16252 4931.85838 1782.0534 1269.34698 4932.13076 1780.77061 1269.01673 4932.78 1778.37285 1268.30636 4935.89929 1774.73727 1265.64043 4936.95574 1773.56821 1264.67906 4938.2873 1772.11497 1263.52911 4939.73739 1770.56238 1262.30818 4944.2891 1766.12605 1259.08189 4945.74639 1764.85103 1258.33571 4948.43995 1762.56203 1257.10583 4950.98181 1760.45736 1256.09607 4952.7699 1758.99797 1255.43335 4956.31288 1756.20448 1254.29492 4959.65648 1753.62079 1253.51822 4963.28187 1750.82148 1252.88192 4965.66571 1749.15152 1252.59269 4967.92577 1747.7057 1252.4254 4969.46862 1746.74849 1252.33827 4972.20936 1745.16512 1252.29164 4974.24955 1744.05384 1252.31503 4976.27814 1743.01856 1252.39732 4980.11858 1741.19441 1252.64254 4984.72038 1740.18763 1253.13224 4987.27484 1739.73075 1253.41178 4989.61477 1739.45028 1253.6513 4992.5675 1739.12463 1253.94448 4996.07879 1738.79004 1254.24661 4997.0096 1738.70703 1254.31947 4999.55582 1738.48583 1254.51203 5003.38354 1739.43801 1256.35513 5007.21126 1740.39018 1258.19822
