10 2011.22778 7640.65358 7887.12787 2012.93831 7656.58579 7887.34084 2014.94354 7663.84589 7887.69713 2018.57342 7675.44128 7888.21536 2021.84149 7684.72543 7887.35185 2024.43105 7691.68015 7885.60818 2025.37882 7694.25343 7884.86992 2028.45887 7702.04123 7882.44786 2031.02086 7706.4204 7881.07099 2037.52574 7721.14554 7872.81665
49 1481.71262 7730.03645 7519.90838 1504.08248 7717.08728 7520.28526 1514.15581 7712.14498 7519.8273 1518.60131 7709.98274 7519.63866 1522.9452 7707.98527 7519.42398 1530.10288 7705.13436 7518.95666 1534.32535 7703.76238 7518.65811 1542.08018 7701.39052 7518.13007 1549.04872 7699.43463 7517.70771 1555.00745 7697.93492 7517.39491 1559.06028 7696.97257 7517.19655 1562.41741 7696.34116 7517.02434 1566.94402 7695.70787 7516.77113 1571.00178 7695.39045 7516.52937 1574.33058 7695.14781 7516.33532 1577.76438 7694.97321 7516.14484 1579.57699 7694.90562 7516.04079 1584.95939 7694.83106 7515.67632 1590.37024 7694.86413 7515.26146 1595.69171 7694.94631 7514.82674 1600.18793 7695.14447 7514.39038 1606.28435 7695.65561 7513.65039 1613.26107 7696.33041 7512.7414 1625.55078 7699.91181 7511.20468 1632.02017 7701.83265 7510.31526 1641.4 7705.71106 7509.75606 1642.58686 7706.2559 7509.70483 1649.02922 7709.42437 7509.48761 1656.68539 7713.93503 7509.47962 1660.55585 7716.96679 7509.7825 1663.26082 7719.04143 7510.02259 1670.55356 7724.44351 7510.8597 1671.46883 7725.09767 7510.98866 1676.60622 7728.67634 7511.80671 1682.36787 7732.50754 7512.92643 1685.45869 7734.38944 7513.74269 1688.31678 7736.09428 7514.54297 1689.04477 7736.51533 7514.76722 1696.15174 7740.59118 7516.98131 1704.01094 7743.98159 7522.01247 1708.70159 7745.33799 7526.38694 1711.30733 7745.99461 7528.86517 1713.88557 7746.5969 7531.33511 1717.33916 7747.33946 7534.66483 1721.62812 7748.1791 7539.03613 1725.30636 7748.86361 7542.88697 1730.58345 7749.74013 7548.3329 1745.46381 7749.7816 7561.13184 1759.79387 7749.20142 7569.9369
84 1759.79387 7749.20142 7569.9369 1746.41071 7746.77844 7579.87336 1742.97005 7744.92713 7585.87023 1738.65454 7742.49464 7593.7321 1735.21924 7740.51299 7600.22014 1732.59768 7738.94904 7605.82099 1730.614 7737.66499 7610.75925 1727.09283 7734.49208 7624.27353 1726.71848 7734.14799 7625.72947 1726.09708 7733.49523 7628.48843 1723.53343 7730.32511 7642.50149 1723.17918 7728.77757 7650.56942 1723.14792 7728.35958 7652.82816 1723.27422 7727.13317 7659.69234 1723.63825 7725.43179 7669.37644 1723.92795 7724.46491 7674.8708 1724.44785 7723.32484 7681.39128 1724.9762 7722.49881 7686.27437 1727.48247 7720.97467 7695.85045 1731.34432 7719.51099 7705.92156 1734.36587 7719.01885 7710.7163 1737.69531 7718.56129 7715.72361 1739.50257 7718.35655 7718.34372 1744.60912 7718.06759 7725.10639 1748.01352 7718.15982 7729.08922 1755.41087 7718.72477 7737.07615 1760.17311 7719.3696 7741.67834 1769.03001 7721.75869 7749.68494 1774.42322 7723.26746 7754.54065 1780.24387 7725.39397 7759.74496 1780.93689 7725.65113 7760.36354 1784.75778 7727.21132 7763.81943 1787.84785 7728.54104 7766.61711 1789.09718 7729.10512 7767.75113 1792.4499 7730.68425 7770.80075 1795.8614 7732.38477 7773.91173 1801.01108 7734.97652 7778.6108 1806.56206 7737.86585 7783.68119 1811.64308 7740.63234 7788.23795 1816.35293 7743.19471 7792.35332 1821.09713 7745.61639 7796.02995 1823.74358 7746.96135 7798.06727 1826.97726 7748.59774 7800.54091 1831.10041 7750.67619 7803.67791 1834.17783 7752.19492 7805.97375 1835.20769 7752.68279 7806.72225 1841.06562 7755.36955 7810.89832 1846.65826 7757.64579 7814.59548 1851.71045 7759.61977 7817.86466 1854.86379 7760.80796 7819.87537 1859.25372 7762.1582 7822.43346 1864.70784 7763.51513 7825.4001 1869.44267 7764.47655 7827.84269 1870.98885 7764.72443 7828.59487 1876.57227 7765.49771 7831.22394 1883.32684 7766.07071 7834.13342 1892.7317 7766.4405 7837.92236 1901.86222 7766.45311 7841.20671 1905.89099 7766.27717 7842.61647 1913.26177 7765.60789 7845.13707 1917.49718 7765.0377 7846.56219 1918.43166 7764.90424 7846.87371 1927.6024 7763.44906 7849.86678 1933.63218 7762.26189 7851.65994 1937.72095 7761.38763 7852.80454 1944.83362 7759.84897 7854.77625 1949.4425 7758.75647 7855.95121 1955.3841 7757.28425 7857.4023 1962.95488 7755.24503 7859.10912 1968.64625 7753.55817 7860.413 1974.81971 7751.66166 7861.84468 1979.6663 7749.93754 7862.99208 1982.70901 7748.79962 7863.71516 1985.03639 7747.90059 7864.27247 1990.85136 7745.58355 7865.68251 1991.48684 7745.3193 7865.83654 1996.98797 7742.98301 7867.16938 2002.74374 7740.40453 7868.52132 2005.25101 7739.27554 7869.10569 2008.45954 7737.82262 7869.83017 2012.94065 7735.8986 7870.70396 2020.65562 7732.43379 7871.90275 2026.44276 7729.49569 7872.59565 2037.52574 7721.14554 7872.81665
49 1759.79387 7749.20142 7569.9369 1772.35441 7749.4834 7570.20879 1776.96497 7749.62074 7570.94023 1781.68373 7749.7513 7571.63647 1788.01037 7749.88435 7572.54378 1794.67818 7750.02685 7573.45454 1795.28097 7750.03325 7573.54437 1801.63313 7750.07959 7574.53024 1811.95829 7750.10618 7576.4401 1816.35787 7750.22984 7577.4795 1821.3173 7750.3517 7578.66074 1827.39246 7750.10314 7580.59107 1837.66172 7749.56189 7583.98719 1844.65168 7749.11765 7586.54033 1848.83422 7748.84057 7588.07943 1855.12653 7748.29311 7590.50566 1861.29094 7747.72329 7592.92017 1865.99503 7747.24272 7594.82244 1869.97596 7746.83638 7596.43252 1875.85566 7746.23711 7598.81231 1877.25422 7746.09719 7599.38058 1883.69405 7745.50585 7602.02988 1887.04087 7745.27344 7603.44825 1894.81496 7744.7903 7606.74683 1899.13494 7744.59929 7608.55687 1906.2537 7744.46111 7611.45943 1915.23195 7744.40626 7615.05666 1923.13565 7744.33783 7618.1999 1929.7218 7744.2607 7620.81451 1936.91914 7744.2313 7623.62981 1943.81115 7744.25577 7626.36753 1944.36356 7744.26046 7626.58982 1950.4882 7744.33204 7629.07191 1954.11225 7744.45029 7630.5413 1960.22304 7745.01242 7632.91875 1962.50046 7745.27648 7633.78129 1970.8329 7746.44853 7636.8238 1978.15683 7747.78999 7639.28831 1984.79571 7749.29923 7641.57233 1987.26256 7749.90787 7642.4555 1995.66807 7752.0379 7645.77072 2003.90687 7754.09019 7649.31585 2012.25855 7756.13924 7653.04965 2017.6461 7757.48551 7655.46395 2022.33137 7758.67356 7657.52628 2029.07419 7760.4392 7660.36509 2035.61196 7762.26299 7663.04081 2047.45524 7765.87573 7669.84047 2061.28029 7767.95836 7682.7435
51 2037.52574 7721.14554 7872.81665 2045.39691 7723.30819 7878.20952 2051.9155 7724.1047 7880.58704 2064.75252 7721.93471 7889.64744 2070.74028 7719.36758 7895.12198 2076.73043 7716.13355 7901.01485 2078.3388 7715.26446 7902.59178 2082.39235 7713.09318 7906.50234 2090.04897 7709.20137 7913.25351 2092.69569 7707.88022 7915.52616 2095.93169 7706.26892 7918.31157 2103.14341 7702.47637 7924.80634 2103.31695 7702.37965 7924.96239 2107.87044 7699.62551 7929.05205 2110.4867 7698.14991 7931.2478 2117.01029 7694.43419 7936.50365 2123.56367 7690.72738 7941.14456 2129.9374 7687.23724 7945.04011 2133.48878 7685.34371 7947.01154 2134.29677 7684.90595 7947.44792 2140.0932 7681.7526 7950.54805 2144.29798 7679.38144 7952.70377 2145.29718 7678.80453 7953.2017 2150.94735 7675.52678 7955.9972 2155.37903 7672.92203 7958.08546 2159.99047 7670.29237 7959.834 2164.6759 7667.6668 7961.46495 2171.9526 7663.66386 7963.96638 2179.46412 7659.77609 7966.6189 2185.73791 7656.75387 7968.87925 2191.04424 7654.35346 7970.78952 2196.42597 7651.99445 7972.57711 2201.59314 7650.48196 7973.42797 2202.48067 7650.23328 7973.52454 2210.5724 7648.01383 7974.23527 2219.14476 7645.67194 7974.92442 2225.85217 7643.8331 7975.41299 2232.62836 7641.96649 7975.86377 2238.96615 7640.06626 7975.396 2246.00292 7637.78072 7974.89483 2251.30022 7635.95715 7974.38833 2257.74291 7633.66693 7973.46971 2269.07211 7629.54984 7970.98686 2275.40498 7627.36918 7968.50248 2276.05142 7627.18367 7968.08114 2285.02464 7627.07799 7951.31749 2292.2671 7628.10377 7940.88321 2298.14694 7627.56849 7937.89357 2302.79271 7627.374 7936.09982 2316.828 7631.19487 7927.64028 2326.21507 7635.52604 7925.90809
42 2037.52574 7721.14554 7872.81665 2051.63976 7723.15287 7854.99962 2053.77529 7721.67742 7849.86717 2056.08458 7719.59313 7843.77338 2057.06644 7717.67202 7838.72833 2057.46442 7716.27508 7835.22144 2057.77783 7714.86663 7831.81096 2058.08246 7712.60535 7826.69576 2057.42677 7708.84226 7819.49958 2056.72955 7706.70529 7815.72444 2056.10985 7704.91535 7812.60555 2054.44313 7700.54398 7805.2005 2053.72209 7699.10251 7802.82208 2051.00184 7694.86335 7795.82412 2049.25967 7692.35642 7791.48698 2047.08313 7689.50895 7786.1701 2045.17094 7687.13343 7781.53061 2042.63234 7684.30828 7775.36574 2041.12574 7682.74172 7771.73501 2037.59096 7680.26035 7762.02531 2035.21642 7679.34419 7754.90451 2031.91831 7679.9033 7743.22268 2031.86258 7681.38794 7739.82597 2033.51217 7685.63381 7734.54049 2034.94615 7688.91941 7730.97134 2036.22529 7691.76699 7728.22279 2036.40369 7692.1643 7727.857 2038.6689 7697.20336 7723.52597 2040.12998 7700.52981 7721.00079 2042.0706 7705.02864 7717.82061 2044.18449 7710.06005 7714.67533 2045.72451 7713.78536 7712.50534 2046.33918 7715.298 7711.67406 2047.41245 7717.96217 7710.25247 2049.58372 7723.51539 7707.49545 2050.08394 7724.81778 7706.8584 2051.75858 7729.21259 7704.72085 2055.29617 7738.8203 7699.95585 2056.35694 7741.84769 7698.34616 2058.07188 7746.99326 7695.48731 2058.75361 7753.42377 7690.94923 2061.28029 7767.95836 7682.7435
27 2325.48487 7656.81729 7764.1047 2319.1678 7655.8253 7773.31129 2316.56842 7655.07868 7778.84398 2314.30512 7654.22638 7784.40679 2315.5889 7651.10241 7791.09514 2317.38448 7647.79672 7797.20412 2319.12488 7644.20998 7803.55849 2320.2566 7641.81103 7807.73595 2321.88011 7638.86009 7813.38182 2323.3902 7636.22465 7818.54932 2324.66426 7634.26942 7822.71378 2325.27264 7633.37022 7824.69375 2327.10702 7631.10682 7830.71544 2328.19617 7630.01469 7834.37547 2330.10146 7628.00888 7841.37684 2333.05541 7623.76318 7850.53295 2330.62766 7627.21852 7855.20784 2329.77398 7628.15082 7859.91062 2329.14491 7628.83952 7863.3587 2328.23759 7629.84471 7868.5768 2325.13521 7630.58181 7877.2822 2323.15165 7631.07193 7884.62984 2322.46958 7631.34835 7888.61901 2322.17914 7631.88525 7895.24036 2322.11005 7632.25555 7899.55813 2322.50198 7632.75243 7904.3209 2326.21507 7635.52604 7925.90809
46 2325.48487 7656.81729 7764.1047 2318.39768 7659.70471 7757.67691 2314.22336 7661.76293 7753.38037 2306.14072 7666.16037 7746.13736 2302.04415 7668.5455 7742.11439 2301.61829 7668.79901 7741.6704 2295.97854 7672.17949 7735.69233 2292.19599 7674.3078 7732.06938 2287.25716 7677.10486 7727.90027 2284.55352 7678.68983 7725.60873 2283.68857 7679.21875 7724.92487 2279.13354 7682.08139 7721.3932 2273.77883 7686.22247 7717.25751 2268.29178 7690.56473 7713.74943 2264.9139 7693.13269 7711.87796 2260.73323 7696.19332 7710.00685 2256.80516 7698.92218 7708.38884 2250.00329 7702.95321 7705.98287 2244.6643 7705.86479 7704.04613 2243.53661 7706.50762 7703.62374 2237.47849 7710.17768 7701.36825 2230.77728 7714.14629 7699.55579 2222.25625 7718.66989 7698.54672 2217.69958 7720.88084 7698.49719 2215.55026 7721.8468 7698.66351 2205.66 7726.1731 7699.8498 2198.75845 7729.28838 7702.01328 2191.81586 7732.5146 7704.80282 2183.19762 7737.19052 7703.32748 2176.52585 7740.65962 7702.2187 2171.41826 7743.22888 7701.42144 2165.5847 7745.94425 7700.66761 2162.53329 7747.32512 7700.30559 2154.80666 7750.66484 7699.54693 2144.37386 7755.09172 7698.98146 2135.38185 7759.03832 7698.64642 2125.88969 7764.33089 7694.68993 2125.55576 7764.60093 7694.2414 2122.3317 7766.94712 7691.37655 2109.3566 7773.40809 7688.45823 2101.8131 7776.7305 7687.9487 2094.92844 7780.00644 7687.28962 2091.09124 7781.97189 7686.8472 2089.21262 7782.86668 7686.61692 2085.70918 7784.31008 7686.16885 2074.74103 7783.20088 7684.29184
132 2325.48487 7656.81729 7764.1047 2336.1396 7657.38383 7753.62382 2342.18671 7657.611 7748.39744 2348.55617 7657.73241 7743.20854 2355.28913 7657.41892 7738.41867 2360.00257 7657.12249 7735.06686 2360.75784 7657.07055 7734.51067 2367.91933 7656.56379 7729.19053 2375.50327 7655.88797 7723.39398 2378.08141 7655.60162 7721.40061 2381.48852 7655.17343 7718.76873 2385.43254 7654.28806 7716.02274 2392.45075 7651.036 7712.54094 2397.53306 7648.35483 7710.29233 2400.59071 7646.63873 7709.02138 2404.1664 7644.53736 7707.60898 2407.06692 7642.77191 7706.50925 2411.45902 7640.05125 7704.87761 2419.32435 7634.76864 7702.18918 2423.03733 7632.18055 7700.93845 2427.00894 7629.45581 7699.50971 2429.72328 7627.69808 7698.3527 2433.62606 7625.24637 7696.5603 2437.72086 7622.77045 7694.46054 2445.87868 7617.62598 7690.02828 2452.77359 7613.09151 7686.20141 2457.38923 7609.90768 7683.61837 2464.07595 7605.17706 7679.98291 2470.67382 7600.00867 7677.01479 2476.62618 7595.24941 7674.56467 2483.00649 7590.15304 7672.17495 2484.47917 7588.97923 7671.64649 2487.82231 7586.31697 7670.4667 2491.9353 7583.04937 7669.09436 2495.46091 7580.24883 7667.9216 2500.26952 7576.43933 7666.35387 2506.43325 7571.55261 7664.28516 2512.45844 7566.8955 7662.14631 2515.76526 7564.40116 7660.95984 2520.22257 7561.09712 7659.35307 2523.7762 7558.54924 7658.06876 2527.24806 7556.12761 7656.81954 2532.31648 7552.68911 7655.00987 2536.08282 7550.17085 7653.67608 2539.66307 7547.80871 7652.41713 2548.09376 7542.51757 7649.53629 2551.60285 7540.38441 7648.33532 2555.82201 7537.86681 7646.86991 2562.18894 7534.17402 7644.58139 2562.74753 7533.854 7644.37608 2567.33091 7531.2578 7642.65167 2571.53879 7528.91994 7640.96976 2572.82245 7528.20799 7640.44116 2577.67579 7525.51818 7638.42304 2586.20178 7521.09916 7634.69899 2592.09537 7518.14121 7631.79369 2600.08273 7514.15859 7627.60588 2600.97397 7513.71562 7627.13325 2606.97635 7510.74142 7623.92349 2610.43337 7509.03427 7622.02928 2611.51294 7508.48821 7621.45238 2615.08987 7506.65992 7619.57767 2617.1371 7505.60532 7618.52707 2621.09774 7503.58003 7616.47602 2628.2561 7500.16389 7612.48294 2631.38147 7498.51771 7611.00488 2637.68438 7494.84174 7608.58872 2640.15593 7493.30478 7607.77236 2646.7378 7489.14867 7605.67839 2653.34148 7484.87159 7603.77254 2658.43271 7481.58119 7602.50429 2661.31478 7479.68127 7602.01824 2663.47836 7478.25479 7601.65605 2666.23442 7476.43699 7601.20237 2669.4295 7474.32892 7600.68018 2673.81128 7471.43566 7599.97301 2678.88547 7468.05532 7599.21697 2683.50794 7464.95432 7598.56562 2684.43891 7464.32934 7598.42948 2689.27149 7461.08396 7597.71575 2693.68535 7458.04736 7596.96963 2699.91153 7453.57365 7595.71924 2709.16738 7446.70664 7593.84408 2714.10692 7443.00559 7592.9359 2717.09999 7440.7588 7592.38887 2723.82407 7435.72873 7591.25018 2728.45319 7432.27344 7590.55648 2733.45793 7428.50895 7589.88616 2739.25283 7423.94861 7589.46603 2744.13361 7420.00159 7589.38833 2749.76602 7415.04612 7589.82936 2753.80976 7411.32522 7590.22368 2757.91402 7407.15232 7590.54062 2761.6581 7403.2307 7590.80413 2766.19698 7398.3612 7591.08037 2768.02776 7396.27874 7591.14595 2773.30448 7390.02615 7591.22072 2774.44101 7388.68122 7591.23055 2780.59336 7381.47627 7591.27922 2785.60496 7375.73474 7591.41064 2785.79582 7375.51709 7591.41712 2790.70684 7369.94876 7591.67359 2794.64429 7365.5254 7592.07993 2799.8505 7359.86131 7593.26519 2804.40933 7354.97944 7594.5448 2811.28962 7348.01073 7596.77629 2817.00276 7342.64409 7598.85036 2823.36909 7337.23644 7601.30374 2827.4179 7334.047 7602.85384 2833.81651 7329.34906 7605.30374 2838.82849 7325.94273 7607.24535 2843.59551 7322.81458 7609.11531 2850.17906 7318.78618 7611.82996 2857.19986 7315.12761 7615.0982 2862.13984 7312.89571 7617.61816 2867.57825 7310.57975 7620.45293 2868.24747 7310.30136 7620.81279 2872.72309 7308.4856 7623.30717 2874.53712 7307.74954 7624.3247 2879.51446 7305.72778 7627.12075 2884.06291 7303.84132 7629.67857 2885.76863 7303.07912 7630.63901 2890.11807 7301.07358 7633.09095 2897.89955 7297.15202 7637.57895 2906.84863 7294.27639 7640.41805 2915.7977 7291.40075 7643.25715 2924.74678 7288.52512 7646.09624 2933.69586 7285.64948 7648.93534 2942.64493 7282.77385 7651.77444 2951.59401 7279.89821 7654.61353 2960.54308 7277.02258 7657.45263 2969.49216 7274.14694 7660.29172
46 2326.21507 7635.52604 7925.90809 2334.34827 7639.72085 7930.82647 2335.76768 7640.49564 7932.2223 2345.34373 7645.70926 7941.14533 2350.97693 7648.79945 7946.39039 2357.62304 7652.83159 7953.48635 2361.76771 7656.40204 7960.4274 2363.34507 7657.70857 7962.99611 2366.43604 7660.22919 7968.00988 2368.60969 7662.18873 7972.7167 2370.73837 7664.18513 7977.68756 2371.04368 7664.47144 7978.40101 2373.19821 7666.48947 7983.43582 2375.23132 7668.32568 7988.27742 2378.95508 7670.99941 7996.38744 2381.03726 7672.16783 8000.47652 2383.48127 7673.37927 8005.15815 2388.27509 7673.36929 8013.4061 2391.04664 7672.6908 8017.97779 2393.23429 7672.0088 8021.55368 2398.58714 7670.20801 8030.30933 2402.74771 7668.62522 8036.96129 2413.28711 7662.76508 8050.93871 2416.92764 7660.34041 8054.74472 2420.27877 7658.01099 8057.84042 2421.60279 7657.07047 8059.03053 2426.03074 7653.86159 8062.90628 2429.37159 7651.36898 8065.68353 2432.03792 7649.35566 8067.88112 2437.42577 7645.21103 8072.31413 2442.16925 7641.50402 8076.20585 2449.38126 7636.07509 8081.40266 2455.96762 7631.5179 8085.26599 2459.56297 7629.13896 8087.19092 2468.03451 7624.47183 8090.33576 2475.86271 7621.29015 8091.97214 2485.02487 7618.50528 8093.01921 2492.92447 7616.23024 8093.83268 2495.79985 7615.42261 8094.12387 2504.29837 7613.12749 8095.05321 2507.47173 7612.3836 8095.55289 2515.40527 7610.63806 8096.9897 2517.66793 7610.14119 8097.40672 2539.68533 7605.30479 8101.49502 2548.74817 7602.46923 8103.99306 2557.81101 7599.63368 8106.49111
3 2074.74103 7783.20088 7684.29184 2067.47352 7777.74011 7681.85827 2061.28029 7767.95836 7682.7435
40 2074.74103 7783.20088 7684.29184 2075.27574 7790.88553 7686.47392 2075.14995 7792.08459 7686.81019 2074.66721 7796.94637 7688.22008 2074.52733 7798.55644 7688.70487 2073.94043 7805.74616 7690.89081 2073.12908 7812.60528 7692.87512 2071.1283 7820.99576 7694.87223 2068.75393 7830.11542 7696.54979 2067.39404 7835.26419 7697.20976 2065.79291 7841.23199 7697.78817 2064.61335 7845.56229 7698.15834 2062.04863 7854.62334 7698.7693 2060.71353 7859.05099 7698.9336 2058.12746 7867.83958 7699.00559 2055.41762 7877.22493 7698.77556 2050.3154 7894.63451 7697.22211 2049.99427 7895.76705 7697.10964 2048.96337 7899.57066 7696.70992 2047.54087 7905.03276 7696.07224 2045.34382 7914.34337 7694.76822 2044.49872 7919.70029 7693.39156 2043.38178 7933.12666 7689.18874 2043.81634 7940.48465 7686.38736 2044.87012 7946.89858 7683.84346 2047.98351 7955.24421 7680.69719 2050.25383 7960.63492 7678.72413 2055.86204 7972.08644 7674.74743 2056.36904 7973.07735 7674.40986 2059.33453 7978.20597 7672.76912 2061.75051 7982.02012 7671.60877 2064.07726 7985.58974 7670.53895 2068.26274 7991.50892 7668.87771 2076.01769 7998.7489 7666.52388 2083.17642 8003.11697 7664.7738 2086.85584 8005.15821 7663.90835 2092.08477 8007.62748 7662.75312 2102.55926 8011.06816 7660.76613 2122.2851 8008.19149 7659.47824 2129.40633 8001.43156 7659.39308
