61 6973.57201 7058.36045 3735.28418 7016.10002 7154.08453 3686.47398 7018.50465 7159.131 3684.02326 7021.7978 7165.7842 3680.48433 7024.77194 7171.69183 3677.42526 7027.40043 7177.19913 3674.87259 7029.47761 7181.92295 3672.93529 7032.08962 7188.36226 3670.65966 7033.36737 7191.76543 3669.55077 7033.70178 7192.72153 3669.23274 7035.00192 7197.19062 3667.55207 7036.2522 7202.72995 3665.15597 7036.5179 7204.17626 3664.47477 7037.26551 7209.7401 3661.59769 7037.49376 7216.16156 3657.70688 7037.3694 7218.56129 3656.08451 7037.00216 7222.03488 3653.58773 7036.92321 7222.60008 3653.16964 7036.35341 7226.74903 3650.12147 7034.96599 7235.46832 3643.73785 7033.69557 7239.54626 3640.64144 7032.62374 7242.17781 3638.63432 7031.90607 7243.91714 3637.29151 7030.4494 7247.475 3634.51724 7024.31183 7259.24472 3626.77088 7020.06392 7265.94412 3623.50774 7016.03934 7271.97327 3620.86714 7011.92962 7277.96819 3618.26367 7007.58518 7283.76097 3615.88891 7003.17078 7288.89994 3613.92172 6996.97563 7295.00519 3611.66608 6992.14273 7299.28485 3610.07735 6986.82593 7303.32594 3608.49455 6985.71194 7304.13524 3608.1712 6981.30065 7307.10169 3606.96263 6972.4486 7311.63432 3605.09192 6969.25998 7313.10839 3604.54658 6962.43203 7316.18327 3603.51344 6956.73811 7318.72193 3602.87037 6947.27355 7322.95959 3602.42278 6940.37761 7326.06718 3602.34761 6938.17765 7327.07297 3602.37549 6933.17054 7329.41198 3602.57918 6926.13842 7332.69971 3603.02039 6921.82008 7334.69994 3603.32313 6919.19708 7335.91061 3603.51176 6913.91413 7338.31539 3603.90429 6912.42347 7338.98443 3604.01376 6908.1541 7340.88405 3604.32246 6899.2059 7344.72353 3604.91147 6891.39625 7347.94075 3605.35903 6886.76213 7349.70404 3605.57376 6881.72048 7351.59333 3605.80134 6876.6982 7353.44492 3606.02294 6871.43833 7355.3078 3606.21931 6864.41913 7357.75233 3606.45075 6860.32955 7359.15579 3606.52898 6859.56328 7359.41399 3606.53675 6850.39157 7362.49334 3606.58703 6831.36529 7368.78228 3605.89615 6820.38159 7363.11938 3601.81198
6 6973.57201 7058.36045 3735.28418 7053.35206 7048.79604 3632.15865 7055.89542 7048.03226 3622.51642 7059.29146 7043.93606 3607.86494 7062.78763 7036.01924 3593.63248 7063.13769 7030.72205 3589.91383
52 6973.57201 7058.36045 3735.28418 6860.85713 7135.0709 3745.60931 6858.64138 7137.00443 3745.03161 6853.67535 7141.58893 3743.77089 6847.3584 7145.06208 3743.68936 6845.75114 7145.88497 3743.70738 6838.76721 7149.58196 3743.70897 6835.24965 7151.99707 3741.85425 6833.11457 7154.12478 3739.5691 6832.33426 7155.14821 3738.21225 6828.50794 7160.6322 3730.52432 6828.26356 7160.96 3729.9809 6825.52596 7164.3873 3723.49865 6824.95992 7165.01823 3722.10002 6823.16123 7166.88848 3717.68559 6820.44064 7169.33973 3711.14084 6816.159 7171.71365 3701.1926 6814.88206 7172.09838 3698.28953 6812.06732 7172.64442 3691.84524 6810.12707 7172.87902 3687.30832 6808.44822 7173.06013 3683.33402 6805.87404 7173.24412 3677.02555 6803.46013 7173.36336 3670.98382 6801.32057 7173.43909 3665.55016 6799.09897 7173.31655 3659.34443 6797.31976 7173.04605 3653.86362 6794.67185 7172.35684 3644.63318 6793.52562 7171.47378 3638.4037 6793.47598 7171.43009 3638.11273 6792.49728 7170.36438 3631.58171 6792.15095 7169.87286 3628.82576 6791.65276 7168.99718 3624.20764 6791.31001 7168.10851 3619.89926 6791.09226 7167.18399 3615.70711 6790.83688 7165.43215 3608.09604 6790.79994 7164.92801 3605.98319 6790.75479 7163.64329 3600.70295 6790.94009 7161.49698 3592.4014 6791.47852 7159.87272 3586.77372 6792.01917 7158.62371 3582.60593 6792.3178 7157.96893 3580.4346 6793.29154 7156.0136 3574.02155 6795.81226 7152.92944 3564.95265 6797.84941 7150.70681 3558.60036 6800.47686 7148.20021 3551.67173 6801.15617 7147.6161 3550.09999 6803.18559 7145.91848 3545.56706 6806.09022 7143.6658 3539.66472 6809.75986 7141.05484 3532.83714 6815.62339 7138.05401 3524.92895 6820.75102 7135.99083 3519.33678 6839.56175 7130.70038 3511.35557
2 6973.57201 7058.36045 3735.28418 7046.3496 7139.61908 3663.25895
65 6973.57201 7058.36045 3735.28418 6837.63616 7085.01873 3753.20696 6825.89128 7075.97019 3753.02185 6812.47767 7064.94609 3753.0992 6807.1638 7061.93807 3753.13502 6802.3624 7059.49226 3753.17168 6795.25181 7057.72424 3753.10268 6785.57124 7056.45337 3752.90735 6779.14593 7057.12855 3752.63394 6765.71712 7059.97323 3751.88181 6764.90359 7060.20913 3751.82867 6761.31168 7061.47266 3751.56734 6758.73735 7062.53357 3751.36001 6756.07371 7063.73688 3751.13239 6750.35867 7067.17328 3750.56737 6744.47838 7071.42006 3749.89385 6739.12979 7075.51387 3749.14652 6732.27316 7081.07491 3747.81309 6728.01926 7084.43583 3747.08257 6725.71436 7086.23934 3746.71242 6721.6135 7089.44069 3746.06593 6716.38021 7093.436 3745.34374 6709.38841 7098.48694 3744.61978 6702.35649 7103.39707 3744.01687 6697.51905 7106.68474 3743.65816 6693.15496 7109.36512 3743.45676 6686.74481 7112.81145 3743.34043 6678.66867 7116.67526 3743.37941 6669.80192 7120.81303 3743.31726 6667.25233 7121.97769 3743.23113 6662.39308 7124.18187 3743.02107 6658.00721 7126.14249 3742.7262 6653.61806 7128.08642 3742.30489 6650.37532 7129.52188 3741.96092 6645.07451 7131.8686 3741.27645 6640.54782 7133.88517 3740.57467 6634.99453 7136.36727 3739.64205 6628.55771 7139.26429 3738.4057 6623.29115 7141.64856 3737.27153 6618.83916 7143.66801 3736.26926 6618.35887 7143.88611 3736.16012 6611.87707 7146.83685 3734.67747 6605.99643 7149.57641 3733.3242 6597.30057 7153.72199 3731.3367 6593.15487 7155.72987 3730.39955 6592.29745 7156.14683 3730.20549 6583.5746 7160.38539 3728.20732 6577.07254 7167.13978 3730.05741 6570.57049 7173.89416 3731.90749 6564.06843 7180.64855 3733.75757 6557.56638 7187.40294 3735.60766 6551.06433 7194.15733 3737.45774 6544.56227 7200.91171 3739.30782 6538.06022 7207.6661 3741.15791 6531.55816 7214.42049 3743.00799 6525.05611 7221.17487 3744.85807 6518.55405 7227.92926 3746.70816 6512.052 7234.68365 3748.55824 6505.54995 7241.43804 3750.40832 6499.04789 7248.19242 3752.2584 6492.54584 7254.94681 3754.10849 6486.04378 7261.7012 3755.95857 6479.54173 7268.45559 3757.80865 6473.03968 7275.20997 3759.65874 6466.53762 7281.96436 3761.50882
2 6973.57201 7058.36045 3735.28418 7056.82521 6999.29196 3642.9956
34 6973.57201 7058.36045 3735.28418 6962.05065 7094.55083 3631.09051 6959.26025 7096.2409 3625.91357 6956.48523 7098.28965 3620.23442 6954.82214 7099.61138 3616.69504 6953.942 7100.32974 3614.8247 6952.273 7101.70691 3611.28737 6950.09154 7103.57717 3606.65954 6948.02489 7105.37978 3602.29017 6947.66292 7105.69459 3601.52942 6944.7135 7108.2411 3595.37843 6943.76524 7109.00739 3593.49147 6941.08222 7111.09883 3588.2743 6933.68829 7114.18494 3577.22962 6929.70963 7115.28388 3572.25788 6924.28536 7116.39114 3566.15564 6923.46135 7116.55767 3565.23345 6920.14555 7117.20463 3561.59556 6919.83496 7117.26551 3561.2572 6916.28979 7117.95707 3557.40724 6911.75652 7118.82736 3552.6517 6907.00907 7119.71068 3547.94896 6903.21873 7120.34672 3544.54808 6899.6114 7120.92889 3541.41934 6896.71967 7121.37765 3538.98653 6893.79059 7121.81602 3536.56216 6888.25384 7122.58419 3532.11827 6885.93259 7122.89648 3530.27409 6878.89935 7123.76403 3524.82104 6872.80425 7124.37495 3520.27824 6869.58927 7124.67502 3517.92129 6864.36924 7125.36103 3514.58654 6856.63142 7126.77908 3511.73199 6839.56175 7130.70038 3511.35557
16 6973.57201 7058.36045 3735.28418 6977.11 6955.59905 3676.38702 6974.12687 6952.62972 3666.01601 6971.19217 6951.07868 3655.88066 6969.60319 6950.01304 3649.27667 6968.87893 6949.11507 3645.43729 6968.39678 6948.22166 3642.44571 6967.85597 6946.98387 3638.73578 6966.83328 6943.85075 3630.5295 6966.57149 6940.89466 3624.85113 6966.5268 6939.99351 3623.21331 6966.80892 6937.65295 3620.01464 6967.88974 6932.96524 3614.8719 6968.7791 6929.54911 3611.36587 6970.09877 6925.35863 3607.50651 6974.83471 6907.56829 3596.15529
6 6635.35082 6308.94541 3583.27248 6636.79503 6305.14576 3552.54993 6637.31969 6304.32824 3545.4653 6638.11852 6303.61173 3538.50135 6639.5261 6302.84246 3529.82571 6644.89574 6306.19694 3517.95721
16 6782.0026 7247.54364 3535.60723 6805.29392 7300.26843 3574.43056 6806.46432 7304.98614 3577.14296 6807.38551 7308.89041 3579.30522 6807.72235 7310.32711 3580.09382 6808.48254 7313.63946 3581.85734 6809.3193 7317.35183 3583.7738 6810.44821 7322.5223 3586.32702 6811.28681 7326.48409 3588.21032 6812.10457 7330.75141 3590.02374 6812.62265 7333.73828 3591.15795 6813.07308 7336.44989 3592.13923 6813.9911 7342.26314 3594.12855 6814.58271 7346.09679 3595.39965 6815.10989 7349.48881 3596.52243 6820.38159 7363.11938 3601.81198
9 6591.26793 6219.16844 3493.72361 6619.84701 6271.17256 3502.30984 6623.38391 6276.69102 3504.75691 6626.12846 6280.87484 3506.81475 6628.70847 6284.66318 3508.79113 6633.41436 6290.65306 3511.61568 6637.18993 6295.63272 3514.28769 6640.23821 6299.99849 3516.69094 6644.89574 6306.19694 3517.95721
13 7016.06879 6987.97866 3270.38409 7014.2168 7021.24242 3289.06695 7014.06857 7026.09832 3291.28318 7013.91007 7031.98191 3293.91249 7013.79432 7038.43588 3296.69324 7013.71695 7043.43682 3298.85152 7013.66903 7045.13221 3299.60799 7013.47706 7049.85485 3301.77562 7013.06789 7055.5334 3304.53406 7012.69795 7058.96816 3306.27871 7011.50626 7066.02518 3309.92249 7009.79815 7070.68611 3312.00849 7003.06106 7080.83864 3314.48195
28 7047.10915 6405.23402 3275.75899 7073.6168 6415.66551 3283.12566 7089.1169 6424.17632 3286.28239 7094.42111 6435.5913 3286.33835 7098.06374 6441.93868 3286.52186 7101.21642 6449.12364 3286.61346 7102.94719 6456.68602 3286.95681 7104.15523 6462.98287 3287.29418 7104.88582 6467.94884 3287.60726 7105.73347 6473.89756 3287.98877 7106.38088 6479.59042 3288.40051 7105.90253 6488.62299 3289.64055 7105.36614 6494.36417 3290.55612 7103.96873 6502.9636 3293.1008 7103.20823 6507.20636 3294.63887 7101.53596 6514.96321 3298.03811 7099.84506 6520.77372 3301.07569 7098.29478 6524.78051 3303.47661 7097.00305 6527.53148 3305.26977 7095.84933 6529.78629 3306.78584 7093.57344 6533.76786 3309.56833 7088.88083 6538.84573 3313.781 7080.13289 6546.64883 3320.87878 7074.9232 6550.39321 3324.92578 7073.66596 6551.22286 3325.89545 7070.32784 6553.38283 3328.46626 7066.73152 6555.6934 3331.28246 7059.30849 6562.14756 3337.47525
3 6979.31612 6886.41216 3549.99437 6998.95461 6874.62284 3558.25798 7005.07616 6869.90286 3572.62392
20 6890.21113 6598.34115 3295.66516 6895.54463 6580.46051 3303.63102 6897.87374 6575.82367 3305.91342 6900.70902 6569.35655 3309.07691 6902.29323 6563.34346 3311.96505 6903.35238 6558.34278 3314.35749 6903.94568 6554.15796 3316.39802 6904.55759 6549.06184 3318.88157 6905.10086 6543.4998 3321.57173 6905.4905 6538.53947 3323.92309 6905.99892 6531.65585 3327.10426 6906.29234 6527.65832 3328.89626 6906.58497 6524.07069 3330.47955 6907.20833 6518.8443 3332.62577 6907.66806 6515.25826 3334.06751 6908.23413 6510.89168 3335.79416 6908.85949 6506.05289 3337.67729 6910.01045 6497.09223 3340.8747 6910.69882 6489.34344 3343.32882 6910.42866 6480.12215 3346.27545
44 6890.21113 6598.34115 3295.66516 6876.20366 6598.13161 3292.73416 6870.6841 6600.1309 3290.76612 6865.77576 6601.74457 3289.05024 6860.57001 6603.12991 3287.33473 6859.58762 6603.37692 3287.01559 6852.88665 6604.79917 3284.92263 6847.99074 6605.75794 3283.4783 6841.84413 6606.93051 3281.70293 6837.59235 6607.66618 3280.5984 6833.1665 6608.42033 3279.46976 6827.51053 6609.23487 3278.31552 6819.84912 6610.21952 3277.00516 6817.24009 6610.53485 3276.61337 6813.33533 6610.96094 3276.12403 6810.0546 6611.30844 3275.73253 6805.04044 6611.68697 3275.35892 6800.89957 6611.91033 3275.17538 6795.3072 6612.01879 3275.19027 6790.09364 6611.96546 3275.40598 6779.2166 6611.62091 3276.13921 6767.63756 6609.93701 3278.4371 6761.63196 6608.95818 3279.74291 6754.46346 6607.56192 3281.56936 6748.11491 6606.12725 3283.49644 6741.35152 6604.61581 3285.65293 6737.3488 6603.73403 3286.94277 6735.95448 6603.43105 3287.39094 6728.68189 6601.86308 3289.72344 6720.06462 6600.08353 3292.39399 6712.26799 6598.46854 3294.7819 6709.50551 6597.86029 3295.63203 6704.54154 6596.62672 3297.21845 6694.32382 6593.8993 3300.59797 6687.278 6591.91532 3303.00844 6684.20736 6591.02169 3304.07955 6677.38207 6588.89541 3306.52157 6670.93805 6586.55187 3308.9121 6666.11274 6584.4263 3310.65045 6659.77721 6580.89964 3312.76029 6651.90009 6576.26669 3315.31527 6651.56909 6576.05996 3315.42401 6645.76197 6572.34951 3317.34977 6634.64664 6567.04512 3322.97927
27 6890.21113 6598.34115 3295.66516 6906.37179 6604.47782 3296.60718 6909.31711 6606.24167 3296.47714 6920.31465 6611.54954 3296.31272 6927.16124 6613.54814 3296.68574 6942.78527 6616.32973 3298.40065 6945.40517 6616.7396 3298.71998 6953.10692 6617.16208 3300.22331 6959.8661 6616.8933 3302.05743 6964.38134 6616.38681 3303.60076 6969.05502 6615.8281 3305.233 6976.07101 6614.64684 3308.0223 6977.39347 6614.39976 3308.57489 6982.38145 6613.42418 3310.70727 6988.34802 6612.10636 3313.42661 6992.41774 6611.11928 3315.37947 6993.00221 6610.97152 3315.66766 6998.62394 6609.36859 3318.66344 7002.84799 6608.13409 3320.94098 7007.46069 6606.77293 3323.4642 7013.53926 6604.97222 3326.87293 7015.10138 6604.50725 3327.76149 7019.08395 6603.31883 3330.05247 7025.0648 6601.55308 3333.68404 7031.6498 6599.80082 3338.61248 7032.78349 6599.51037 3339.56202 7041.73544 6594.58032 3345.06883
30 6562.01947 6429.12884 3273.07269 6577.23521 6443.66321 3300.72405 6579.76692 6445.48803 3305.59493 6579.96235 6445.62695 3305.96967 6582.96282 6447.75631 3311.6908 6585.47794 6449.38621 3316.50797 6586.11161 6449.78713 3317.72408 6588.97741 6451.50998 3323.24707 6595.71289 6454.58197 3336.78874 6599.33597 6455.64655 3344.43042 6602.48949 6456.24078 3350.8176 6605.38476 6456.60405 3356.38455 6607.59445 6456.82162 3360.48664 6611.40796 6457.05611 3367.03502 6614.586 6457.17699 3372.04018 6617.93589 6457.26039 3376.88795 6622.93119 6457.33626 3383.6122 6628.36679 6457.26412 3390.00145 6632.71774 6456.81956 3393.48117 6633.59539 6456.72469 3394.16844 6637.76978 6456.25486 3397.38396 6641.3486 6455.80241 3400.00369 6646.57769 6455.06965 3403.64569 6651.95836 6454.19334 3407.1064 6656.74127 6453.32652 3409.99455 6662.32412 6452.19307 3413.1412 6670.48722 6449.87872 3417.24267 6678.05227 6447.49357 3420.81099 6684.42934 6445.51143 3422.97814 6692.32602 6443.55892 3424.60768
24 6839.56175 7130.70038 3511.35557 6832.60356 7131.22714 3488.43581 6832.26077 7131.00231 3479.63541 6832.26772 7130.97374 3473.28741 6832.35038 7130.99303 3467.83461 6832.38332 7131.00262 3465.80415 6832.47536 7131.04616 3461.4632 6832.69573 7131.19463 3456.98163 6833.17288 7131.51875 3449.17182 6833.3682 7131.64841 3446.21512 6834.02083 7132.06161 3438.01304 6834.74246 7132.45681 3432.46547 6835.11864 7132.63829 3430.02141 6835.78961 7132.9041 3426.45132 6836.51196 7133.18176 3422.71613 6837.10815 7133.38835 3419.91543 6838.95328 7133.92325 3412.45226 6841.40862 7134.36311 3405.40433 6844.12347 7134.60555 3398.73274 6845.2703 7134.64646 3396.03423 6847.20251 7134.63575 3391.54376 6849.75366 7134.47931 3385.71629 6853.05267 7134.11798 3379.07536 6862.01177 7132.88864 3366.58554
19 6973.10897 7097.38122 3313.77729 6962.02261 7108.65286 3321.20723 6957.74665 7115.83177 3326.69816 6957.29803 7116.55996 3327.255 6955.33583 7119.73361 3329.67914 6950.86277 7124.70273 3333.24675 6946.08822 7129.77267 3336.87917 6941.04881 7134.36198 3340.19574 6936.2837 7138.45803 3343.21209 6920.72794 7148.44616 3351.78578 6917.18253 7149.19554 3353.36263 6911.93247 7149.4648 3355.43958 6903.94785 7148.83165 3358.02809 6898.98526 7148.21254 3359.55375 6891.01464 7146.78556 3361.82821 6883.95963 7144.26805 3363.32459 6876.56677 7140.91356 3364.74578 6870.40677 7138.06296 3366.37876 6862.01177 7132.88864 3366.58554
4 6973.10897 7097.38122 3313.77729 6985.04629 7091.56783 3311.38607 6994.29086 7086.67242 3312.4471 7003.06106 7080.83864 3314.48195
34 6973.10897 7097.38122 3313.77729 6961.56865 7095.21429 3309.73786 6956.18448 7091.14874 3306.46512 6955.56949 7090.73681 3306.15903 6947.58924 7086.04407 3303.01727 6936.89579 7081.14504 3300.69372 6936.14044 7080.83325 3300.57015 6930.54394 7078.65266 3299.80692 6926.20106 7077.23269 3299.49563 6921.65599 7075.94625 3299.37617 6914.11441 7074.30731 3299.50026 6906.21508 7072.99745 3299.85477 6898.23379 7072.06705 3300.50432 6886.87435 7073.70211 3303.87519 6882.15769 7075.0325 3305.81199 6879.91651 7075.6965 3306.75952 6877.84145 7076.32936 3307.65288 6873.78856 7077.62887 3309.45568 6871.76283 7078.35635 3310.43543 6868.5935 7079.81195 3312.28998 6865.35316 7081.89903 3314.78519 6859.05012 7090.05953 3323.65259 6858.48886 7091.2662 3324.91152 6856.63065 7096.34094 3330.11633 6856.00823 7098.51961 3332.29079 6855.213 7101.99082 3335.68948 6854.65997 7105.11337 3338.71622 6854.35133 7108.66814 3342.12979 6854.2832 7109.63662 3343.06148 6854.19219 7112.7725 3346.08603 6854.52249 7116.59914 3349.88218 6855.4899 7120.99595 3354.59631 6856.96958 7125.85003 3360.21695 6862.01177 7132.88864 3366.58554
3 7065.41348 7005.06071 3630.88019 7063.43476 6988.95965 3629.6302 7056.82521 6999.29196 3642.9956
8 7065.41348 7005.06071 3630.88019 7065.52671 7009.73978 3625.03744 7065.57571 7009.91158 3624.34332 7060.38901 7019.34196 3603.05596 7060.32481 7021.94017 3599.6473 7060.40155 7022.69784 3598.73946 7061.22815 7025.87536 3595.28759 7063.13769 7030.72205 3589.91383
2 7065.41348 7005.06071 3630.88019 7056.82521 6999.29196 3642.9956
7 7041.73544 6594.58032 3345.06883 7048.25882 6585.28543 3344.28447 7048.52497 6584.7308 3344.15187 7050.61394 6580.11334 3343.18332 7052.9675 6574.59506 3342.2008 7055.06037 6569.51883 3341.05283 7059.30849 6562.14756 3337.47525
33 7041.73544 6594.58032 3345.06883 7048.5521 6600.78175 3359.49119 7051.87603 6606.10601 3369.24677 7053.3987 6608.88808 3373.8111 7054.64743 6611.39904 3377.66661 7056.3093 6615.02266 3382.90634 7058.28438 6619.52019 3389.17729 7059.42521 6622.07281 3392.72489 7060.79415 6625.03497 3396.88539 7061.0425 6625.56368 3397.6276 7062.84128 6629.39118 3402.98759 7064.3154 6632.54308 3407.34988 7065.38731 6634.88928 3410.54677 7065.93082 6636.10129 3412.1845 7067.68008 6640.2528 3417.67837 7068.64244 6642.96673 3421.13597 7071.13712 6651.76623 3431.94944 7072.42661 6659.03819 3440.49508 7072.8851 6662.48606 3444.45428 7073.13321 6664.73068 3446.99877 7073.27648 6665.97871 3448.44056 7073.74972 6670.01394 3453.14313 7074.21958 6674.46342 3458.33941 7074.5833 6677.92597 3462.38437 7074.12522 6682.93011 3466.76092 7073.72769 6686.37502 3469.63137 7073.32161 6689.61344 3472.25456 7071.53655 6702.70011 3482.44379 7070.72075 6708.07922 3486.23716 7069.68133 6714.55476 3490.33519 7068.71654 6720.68611 3493.87442 7067.67962 6727.8769 3497.55393 7065.21599 6743.61301 3506.20085
12 6790.7197 6447.47369 3351.28008 6805.43851 6442.24414 3349.49772 6810.12456 6440.90644 3350.92737 6810.63371 6440.76348 3351.08383 6815.38868 6439.47944 3352.55888 6834.6863 6435.3471 3358.84045 6840.98525 6434.34076 3360.69051 6849.9696 6433.67846 3363.61576 6855.55237 6433.45058 3365.5566 6858.26924 6433.39588 3366.5289 6860.81781 6433.39318 3367.45467 6872.38956 6439.03087 3365.28344
42 6790.7197 6447.47369 3351.28008 6788.23205 6445.9771 3336.22398 6783.99044 6446.07071 3328.46221 6781.56914 6446.15829 3324.31396 6779.5314 6446.28297 3321.26132 6773.84226 6446.76276 3314.03424 6770.59834 6447.0363 3310.18586 6767.38553 6447.30317 3306.55723 6763.03104 6447.70739 3302.4609 6755.90235 6448.37545 3296.12017 6752.70717 6448.68128 3293.33683 6746.99889 6449.35155 3289.04295 6742.18201 6450.10345 3285.84511 6736.70623 6451.22997 3282.57031 6735.3904 6451.51641 3281.80553 6730.32481 6452.64969 3278.90584 6725.04279 6454.0917 3276.25663 6717.03347 6456.77535 3272.97781 6711.09765 6458.85046 3270.6902 6708.32851 6459.86338 3269.72103 6703.56587 6461.65713 3268.22137 6696.69278 6464.34066 3266.45641 6691.40634 6467.06546 3266.92223 6676.59302 6475.11043 3269.30165 6668.7786 6479.70104 3271.37327 6664.27535 6482.44679 3272.82632 6658.92532 6485.9133 3275.18712 6653.59086 6489.53586 3277.75605 6649.91753 6492.24706 3279.76484 6646.27242 6495.30066 3282.09667 6642.9334 6498.32461 3284.41832 6638.98308 6502.65856 3287.70583 6636.16474 6506.55883 3290.56538 6634.64431 6510.24913 3293.06284 6632.3104 6517.44016 3297.79946 6630.96292 6523.67431 3301.74201 6630.54578 6530.96403 3305.70989 6631.07891 6536.66498 3308.31795 6631.73275 6541.52625 3310.43675 6631.9762 6542.92695 3311.02023 6632.86493 6547.67574 3312.96921 6634.64664 6567.04512 3322.97927
18 6790.7197 6447.47369 3351.28008 6780.32066 6451.93574 3357.30172 6779.29476 6452.35158 3358.16062 6767.05058 6456.94611 3367.93957 6761.13691 6458.0506 3372.15956 6753.50652 6458.84883 3377.47896 6746.15356 6459.30927 3382.63564 6741.98277 6458.97601 3385.77561 6737.0885 6458.34285 3389.55418 6730.41612 6457.26218 3394.78933 6724.55204 6456.06313 3399.46563 6721.64654 6455.11622 3401.88612 6718.26758 6453.97582 3404.72106 6716.72968 6453.38609 3406.05663 6709.53765 6450.29856 3412.51641 6705.47328 6447.9703 3416.58279 6699.53541 6445.24286 3421.30218 6692.32602 6443.55892 3424.60768
9 6634.64664 6567.04512 3322.97927 6623.53769 6568.82434 3333.05536 6617.65708 6570.76814 3338.95285 6616.95336 6570.99261 3339.64976 6613.05599 6572.13923 3343.39711 6612.68501 6572.24554 3343.75043 6608.69113 6573.28988 3347.43393 6604.99003 6574.17456 3350.75011 6596.10453 6576.72618 3358.71775
47 7063.13769 7030.72205 3589.91383 7065.5695 7031.72331 3581.12694 7067.08936 7032.00581 3572.79971 7067.48169 7032.31968 3565.02027 7067.33224 7032.58673 3560.94843 7066.39816 7033.37603 3553.90367 7064.82291 7034.72411 3546.55314 7062.07835 7037.41437 3536.12745 7060.38163 7039.38489 3529.80595 7059.27664 7040.89472 3525.54116 7058.30916 7042.46459 3521.52161 7056.68058 7045.40401 3514.2995 7055.87411 7046.86893 3510.57375 7055.21121 7048.28074 3506.8895 7053.48968 7053.52349 3492.65464 7053.52754 7055.27703 3487.49372 7053.64715 7058.36098 3478.26164 7053.85478 7059.88625 3473.15587 7054.27939 7062.23687 3463.90181 7054.37501 7062.98204 3460.5142 7054.42533 7063.43626 3458.38671 7054.56106 7064.85628 3451.58744 7054.60084 7065.83154 3446.62284 7054.59275 7067.13388 3439.7289 7054.41631 7068.178 3433.86993 7054.30755 7068.50611 3431.94438 7053.99036 7069.34679 3426.96844 7053.57363 7070.33664 3421.08801 7052.10416 7072.16241 3411.03593 7051.29433 7073.0383 3406.36038 7050.28972 7074.05655 3401.07031 7049.1755 7074.98461 3396.56238 7048.74016 7075.33187 3394.90931 7047.07554 7076.63929 3388.70371 7045.03808 7078.05474 3381.82919 7042.95574 7078.87992 3376.54964 7041.87833 7079.27456 3373.88357 7039.90366 7079.93879 3369.12319 7037.72225 7080.49045 3364.20598 7035.84431 7080.9174 3360.06081 7031.43384 7081.35984 3351.24343 7030.20914 7081.40198 3348.92524 7027.34876 7081.32961 3343.78185 7023.75243 7081.09856 3337.53158 7021.01013 7080.88931 3332.81881 7016.01663 7080.27293 3325.299 7003.06106 7080.83864 3314.48195
35 7065.21599 6743.61301 3506.20085 7066.95179 6750.92905 3500.85067 7068.52284 6758.66244 3497.31463 7069.4982 6763.80313 3495.87775 7070.07604 6766.85416 3495.13772 7071.35252 6773.50593 3493.58882 7072.23344 6778.019 3492.5792 7073.81653 6786.07488 3490.98572 7075.043 6791.85138 3491.57726 7076.63961 6799.3717 3492.47928 7078.11226 6806.58351 3493.61229 7079.05686 6812.51421 3495.43041 7080.1877 6821.33799 3498.73323 7080.62829 6826.57266 3501.10535 7080.95542 6831.18272 3503.29531 7081.02662 6836.09783 3506.01539 7080.8693 6841.66132 3509.38959 7080.57104 6845.9003 3512.14803 7080.45231 6847.22984 3513.03451 7079.27171 6854.3952 3518.2287 7077.53247 6858.30221 3521.86506 7076.65984 6860.13171 3523.59958 7075.08304 6863.02625 3526.4226 7074.03411 6864.7889 3528.1734 7072.56762 6867.12651 3530.53603 7069.46945 6871.84293 3535.43003 7053.57556 6885.42939 3550.72949 7049.1907 6887.99889 3553.28915 7045.52404 6890.00181 3555.19879 7040.94313 6891.5974 3557.23573 7036.13575 6893.20711 3559.35715 7034.23736 6893.62871 3560.1699 7025.2289 6894.45005 3563.88012 7016.46761 6890.44958 3567.5316 7005.07616 6869.90286 3572.62392
22 7065.21599 6743.61301 3506.20085 7063.04166 6746.70138 3515.14782 7062.04083 6748.77689 3520.15265 7060.51541 6753.2631 3528.71335 7059.49954 6756.29824 3533.76873 7058.05427 6760.43622 3539.60383 7056.58666 6764.75676 3545.4308 7055.10119 6768.984 3550.40432 7054.91347 6769.48138 3550.89083 7053.17672 6773.81949 3554.50161 7046.38331 6786.25572 3560.16265 7042.24804 6793.174 3562.43687 7041.36348 6794.64077 3562.91357 7038.31931 6799.6426 3564.50496 7031.89143 6809.377 3566.85047 7029.31164 6813.18548 3567.7016 7024.59542 6820.01647 3569.19658 7020.53462 6825.20753 3570.09678 7015.91055 6831.2371 3571.11369 7009.37157 6840.48521 3572.60756 7006.64047 6844.71767 3573.24847 7005.07616 6869.90286 3572.62392
27 6943.72539 6453.44877 3384.01509 6957.9689 6461.88132 3385.13658 6963.7347 6464.77779 3386.83023 6971.09297 6469.65633 3387.87075 6971.49274 6469.94256 3387.90413 6978.06877 6475.10605 3387.93965 6985.62818 6481.30426 3387.62748 6989.40425 6484.53979 3387.2533 6994.50943 6489.1984 3386.2678 6997.98415 6492.40853 3385.52348 7006.56775 6500.73347 3382.76471 7011.9789 6506.18069 3380.37117 7015.92061 6510.29195 3378.08004 7016.75368 6511.16524 3377.57803 7020.49089 6515.16821 3374.975 7023.96202 6518.98517 3372.16807 7026.79956 6522.17309 3369.61455 7030.72143 6526.63494 3365.85646 7032.51714 6528.65777 3364.18222 7036.136 6532.74248 3360.74757 7038.99048 6535.9696 3357.97443 7042.46212 6540.13112 3354.53111 7046.27522 6544.77936 3350.73577 7048.10122 6547.02256 3348.91157 7051.47732 6551.21201 3345.52184 7054.09415 6554.56091 3342.85113 7059.30849 6562.14756 3337.47525
11 6943.72539 6453.44877 3384.01509 6940.42675 6444.62076 3395.5708 6939.39246 6443.26265 3396.98518 6936.84262 6440.19193 3400.15998 6935.05688 6438.3258 3401.99325 6933.93552 6437.27132 3402.9296 6927.01288 6431.31874 3407.29549 6921.51817 6426.64919 3410.56997 6917.94857 6423.8187 3411.70202 6914.74149 6421.35887 3412.41807 6907.62872 6416.54515 3413.04186
7 6943.72539 6453.44877 3384.01509 6937.77029 6463.01786 3366.64764 6932.52487 6465.84096 3361.75965 6927.3868 6468.39228 3357.71549 6926.56837 6468.82726 3357.05122 6920.93283 6471.99395 3352.32021 6910.42866 6480.12215 3346.27545
87 6371.52489 6614.93675 3310.16089 6375.47413 6609.17332 3316.68068 6368.36474 6549.67501 3354.55816 6366.4268 6545.08746 3356.34973 6363.78942 6538.79627 3358.74035 6361.24002 6531.89654 3361.34521 6359.17785 6526.29535 3363.29776 6356.53837 6518.84761 3365.30842 6354.69887 6513.55916 3366.64993 6354.11934 6511.87293 3367.06235 6351.20639 6503.16715 3369.07902 6349.34009 6497.34327 3370.36724 6347.51947 6490.38413 3371.55992 6346.14175 6484.74852 3372.48025 6345.82229 6483.2902 3372.71416 6343.65769 6473.1596 3374.34015 6342.98628 6469.26218 3374.99079 6342.34867 6462.80968 3376.13561 6342.73667 6454.63364 3377.53113 6343.04932 6448.29996 3378.59104 6343.31689 6442.96844 3379.48398 6343.0135 6434.07335 3378.742 6346.24871 6431.92291 3384.12225 6348.51784 6430.15387 3387.7623 6351.80746 6426.70753 3392.82159 6354.89344 6423.14467 3397.46426 6357.91157 6419.89628 3401.92865 6362.572 6418.07055 3407.6666 6366.72223 6416.66316 3413.30736 6371.16056 6415.31381 3419.04286 6376.65576 6414.00213 3425.10423 6379.54144 6413.55804 3427.49926 6392.05971 6412.82145 3433.48277 6394.76199 6412.72377 3434.49906 6400.30588 6412.82281 3435.21245 6401.49443 6412.85567 3435.31218 6409.68905 6413.03613 3436.28931 6421.5591 6413.40051 3437.24078 6422.33462 6413.42878 3437.28042 6428.96717 6413.71106 3437.4048 6434.57696 6413.9736 3437.32564 6438.78806 6414.22841 3436.84374 6442.37787 6414.46517 3436.31659 6444.4174 6414.60163 3435.99718 6447.92606 6414.83509 3435.43347 6450.71449 6415.01942 3434.95974 6456.25827 6415.38867 3433.98698 6460.82387 6415.71614 3433.07761 6465.99885 6416.11101 3431.97044 6473.08818 6416.72458 3430.26269 6480.22906 6417.44403 3428.31749 6482.0415 6417.63711 3427.80551 6492.35177 6418.80542 3424.76328 6497.46179 6421.21075 3421.69892 6502.90705 6424.01948 3418.23151 6506.87149 6426.22116 3415.59456 6511.24188 6428.79555 3412.60038 6514.91843 6431.418 3409.87254 6518.44456 6434.03031 3407.21279 6523.26058 6437.94776 3403.46711 6527.08532 6442.0463 3400.195 6530.33059 6445.68229 3397.38429 6533.69528 6449.59065 3394.45508 6536.89204 6453.90237 3391.64358 6539.04032 6457.13209 3389.75339 6541.55855 6461.08953 3387.55021 6543.35369 6464.01371 3385.9888 6546.82743 6469.99347 3382.98041 6549.60384 6475.00084 3380.57474 6549.88424 6475.51495 3380.33156 6551.91694 6479.37817 3378.56531 6555.10499 6485.57485 3375.80461 6557.07031 6489.53415 3374.14481 6558.50435 6492.45923 3372.95307 6559.4197 6494.36212 3372.21774 6560.87754 6497.39831 3371.05649 6561.99043 6499.71077 3370.20672 6565.51943 6507.03806 3367.54236 6567.51196 6511.1334 3366.16748 6570.87141 6518.05691 3364.03381 6574.89498 6526.69688 3361.9867 6576.72641 6530.68768 3361.14664 6579.04731 6535.7832 3360.13398 6582.96754 6544.57686 3358.51647 6588.50591 6558.30212 3358.26027 6593.31482 6569.85164 3358.54519 6596.10453 6576.72618 3358.71775
39 6820.38159 7363.11938 3601.81198 6813.6769 7376.39932 3604.51354 6811.7066 7379.55002 3605.08803 6807.54423 7386.98635 3606.55775 6801.27993 7397.87802 3607.95022 6794.96726 7407.23394 3607.48981 6794.65223 7407.66799 3607.43173 6791.76618 7411.55175 3606.87475 6791.092 7412.37225 3606.73752 6784.74872 7419.73431 3605.42135 6782.24732 7422.61088 3605.0806 6778.51578 7426.86227 3605.06245 6773.07606 7433.04224 3605.83118 6770.62662 7435.91609 3607.29157 6769.25002 7437.55988 3608.34561 6766.82609 7440.65717 3611.78594 6765.22958 7442.89226 3615.31806 6764.24149 7444.37235 3618.07102 6763.03224 7446.21763 3621.51621 6761.16201 7448.90601 3625.45704 6760.90374 7449.3091 3626.14533 6759.46274 7451.91007 3631.65615 6758.0208 7454.80602 3639.04109 6757.96069 7454.92904 3639.36605 6757.35734 7456.27854 3643.56271 6756.73184 7457.69732 3648.43829 6755.97597 7459.35312 3654.43886 6754.68278 7461.85423 3663.41606 6753.32331 7463.7813 3669.55726 6751.34243 7466.3917 3677.6369 6749.94915 7468.11817 3682.87084 6748.0887 7470.20313 3688.93808 6746.18855 7472.37457 3695.24449 6744.10973 7474.9211 3702.65567 6742.70472 7476.87237 3708.32616 6741.47806 7478.79905 3713.90547 6740.4609 7496.22515 3755.2084 6740.24413 7499.93896 3764.01078 6740.02735 7503.65277 3772.81316
8 6907.62872 6416.54515 3413.04186 6894.14018 6414.90106 3404.89863 6890.00018 6415.8383 3400.80997 6889.38623 6416.10495 3400.09884 6886.41171 6418.10324 3396.07962 6883.2835 6421.10068 3390.92305 6878.64171 6425.38053 3383.9097 6872.38956 6439.03087 3365.28344
27 6907.62872 6416.54515 3413.04186 6902.36066 6402.58018 3427.68008 6902.40988 6399.92324 3431.02005 6902.42845 6398.53311 3432.61211 6902.53812 6387.5687 3443.44981 6902.57119 6383.41316 3446.35324 6902.59665 6379.86946 3448.59544 6902.68202 6376.93004 3450.22013 6902.86866 6374.19774 3451.34539 6903.23386 6370.19116 3452.676 6903.55497 6366.87775 3453.72058 6904.25437 6359.96521 3455.81532 6904.90755 6354.6533 3456.97776 6905.84647 6347.98029 3458.11781 6905.89264 6347.65936 3458.159 6906.90341 6341.03472 3458.649 6908.79549 6326.5153 3458.75737 6909.10734 6317.71385 3457.77812 6909.12796 6314.98157 3457.40669 6909.1016 6310.52975 3456.7757 6908.91455 6301.53973 3455.54417 6908.73393 6295.81558 3454.77857 6908.68014 6294.75251 3454.64651 6907.05879 6275.80011 3452.63811 6903.94838 6267.01958 3454.77091 6900.83798 6258.23904 3456.9037 6897.72757 6249.4585 3459.0365
28 6785.69741 6788.25616 3589.81143 6791.76705 6794.9375 3586.67447 6797.83669 6801.61883 3583.53751 6803.90633 6808.30016 3580.40055 6809.97597 6814.9815 3577.26359 6816.04561 6821.66283 3574.12663 6857.65586 6847.19294 3573.92195 6871.02971 6853.96914 3574.76378 6879.44788 6858.78041 3578.09637 6886.09616 6862.95536 3581.66663 6887.97812 6864.15779 3582.66339 6890.07172 6865.50893 3583.76243 6892.67928 6867.20845 3585.10003 6896.2666 6869.46963 3586.82311 6898.894 6871.05824 3587.98429 6904.58773 6874.40218 3590.25225 6910.31652 6877.57194 3592.02032 6919.16226 6882.06977 3593.7238 6924.04131 6884.44292 3594.35667 6926.63255 6885.71266 3594.6576 6930.486 6887.61863 3595.05262 6935.48571 6890.10693 3595.43787 6937.97129 6891.335 3595.58013 6940.74099 6892.69468 3595.69566 6947.00898 6895.75756 3595.94955 6952.26968 6898.30128 3596.14895 6957.03668 6901.04261 3596.53709 6974.83471 6907.56829 3596.15529
27 6644.89574 6306.19694 3517.95721 6648.84087 6310.79583 3515.9586 6653.8881 6316.74716 3513.12161 6659.20418 6323.16521 3510.10522 6664.55952 6330.56215 3507.04122 6669.40489 6337.84531 3504.19781 6672.64487 6343.01312 3502.23656 6676.50931 6349.62735 3499.73833 6679.51694 6355.33752 3497.51172 6682.74031 6361.69738 3494.92699 6684.56092 6365.59214 3493.14908 6685.75707 6368.19358 3491.93528 6687.68987 6372.58136 3489.77463 6691.30612 6381.4507 3485.02232 6693.59129 6388.50393 3480.58493 6694.83054 6392.81512 3477.73313 6696.09235 6398.06792 3474.03471 6697.0877 6405.76309 3467.65672 6697.12182 6412.89209 3460.73673 6696.70809 6418.40283 3454.87053 6696.59007 6419.69663 3453.46791 6696.26786 6422.78261 3450.07266 6695.89956 6425.60124 3446.87807 6695.53634 6428.1494 3443.95192 6694.71752 6432.85693 3438.3837 6693.21627 6439.35443 3430.21259 6692.32602 6443.55892 3424.60768
5 7005.07616 6869.90286 3572.62392 6994.24025 6889.23888 3583.0342 6989.17815 6893.47147 3586.34007 6984.64086 6896.67379 3588.93429 6974.83471 6907.56829 3596.15529
27 6558.68688 6744.27673 3506.42865 6559.00124 6737.39639 3499.8042 6559.31559 6730.51604 3493.17975 6559.62995 6723.6357 3486.5553 6559.94431 6716.75536 3479.93085 6560.25866 6709.87502 3473.3064 6560.57302 6702.99468 3466.68195 6560.88738 6696.11434 3460.0575 6561.20173 6689.23399 3453.43305 6561.51609 6682.35365 3446.8086 6561.83044 6675.47331 3440.18415 6562.1448 6668.59297 3433.5597 6562.45916 6661.71263 3426.93525 6563.37414 6641.68627 3407.65371 6564.00791 6639.42163 3405.63694 6565.25618 6635.17749 3401.88599 6566.80609 6630.33143 3397.68128 6569.97478 6623.51783 3392.43059 6570.35935 6622.71418 3391.81985 6571.97416 6619.38117 3389.30199 6575.6665 6612.34741 3384.25373 6578.96697 6606.32409 3380.0609 6582.14071 6600.62068 3376.14462 6587.50852 6591.10459 3369.57085 6589.40252 6587.88819 3367.23045 6592.41187 6582.79563 3363.457 6596.10453 6576.72618 3358.71775
7 6872.38956 6439.03087 3365.28344 6881.46577 6447.08089 3359.41741 6884.81625 6450.5628 3356.82048 6892.66189 6457.86476 3352.89099 6898.50434 6463.31315 3350.64707 6903.27126 6468.16059 3349.16172 6910.42866 6480.12215 3346.27545
