2 8624.57126 5639.49241 3059.4281 8651.50687 5604.24942 3040.16871
2 8848.42219 5965.08464 3133.53513 8883.60695 5985.91787 3087.13474
4 8768.44104 5710.15438 3137.53839 8767.004 5716.37206 3129.53484 8767.20383 5717.09826 3128.32886 8775.12882 5731.25134 3100.57152
71 9213.08643 6011.6047 4172.70635 9225.87527 6037.81235 4150.73277 9223.25352 6047.78071 4126.92727 9222.29463 6051.31197 4117.56399 9221.77635 6054.41304 4109.6816 9221.5395 6056.68941 4104.25549 9221.21655 6060.96198 4094.85017 9220.60544 6067.6892 4085.36827 9220.70178 6072.82381 4078.02061 9221.0943 6079.56977 4067.97709 9221.67533 6085.68462 4057.72864 9222.1817 6089.45329 4048.4091 9222.62435 6092.24371 4039.65164 9222.89472 6093.88706 4032.57346 9222.7566 6096.69823 4016.79225 9222.16844 6098.01773 4007.64407 9220.56522 6099.35577 3997.66682 9218.97018 6100.24786 3991.09901 9215.55224 6101.62626 3981.57508 9210.54734 6103.37719 3969.4519 9204.04474 6107.46459 3940.7242 9202.05836 6110.13641 3917.44264 9201.09854 6110.40598 3910.41356 9200.44377 6110.54558 3905.96705 9198.91336 6110.51618 3898.54179 9197.91186 6110.45812 3894.73853 9195.97544 6110.34701 3887.65392 9193.353 6109.72205 3880.36829 9189.90011 6109.43681 3870.53086 9185.44478 6113.11075 3851.85108 9183.72103 6114.55719 3844.36422 9182.24899 6115.02347 3838.71057 9179.99265 6115.38362 3830.26186 9177.67527 6115.88269 3821.23285 9173.53818 6115.97234 3804.90516 9171.32849 6115.35667 3795.81265 9169.10587 6114.63871 3786.58822 9167.52617 6113.74463 3779.07825 9167.16779 6113.42248 3776.95408 9166.16757 6112.3303 3770.32766 9165.35188 6110.96106 3762.88656 9164.54941 6109.22084 3753.66816 9164.25778 6108.01006 3746.1231 9164.18724 6107.15059 3738.60945 9164.22369 6106.56583 3731.69091 9164.29965 6105.90396 3722.70021 9164.39244 6105.57728 3716.61576 9164.60885 6105.2388 3707.23382 9164.79233 6104.33192 3698.64702 9164.84365 6103.9307 3696.12888 9164.98592 6101.77316 3688.34214 9165.45956 6098.9578 3680.05685 9166.47533 6096.26634 3671.63997 9167.76227 6094.32031 3664.52053 9168.35717 6093.60785 3661.69853 9170.3996 6091.3917 3652.66138 9172.20956 6089.72388 3645.37939 9173.84589 6088.12415 3638.77635 9175.3098 6086.39922 3632.53764 9176.70452 6083.41918 3625.55841 9177.42872 6081.84617 3621.90004 9179.12835 6078.11592 3613.12707 9180.3509 6075.49192 3606.46786 9180.79956 6074.5331 3603.96463 9181.30291 6073.46065 3600.82678 9182.73726 6070.44982 3591.8863 9183.52066 6068.07592 3581.00847 9180.18267 6068.55971 3565.75776 9189.80528 6067.40855 3561.82338 9197.96122 6066.32375 3558.31741 9220.87657 6071.65651 3553.35944
9 8539.29762 5366.31754 2872.01039 8495.92377 5394.09265 2936.77189 8495.61747 5394.408 2937.36622 8491.12037 5400.19795 2947.44399 8486.39985 5406.83733 2958.88113 8483.61393 5411.00837 2966.04731 8480.5176 5415.87397 2974.53879 8476.70622 5422.09374 2986.06574 8473.42331 5432.92284 3000.44246
9 8445.48069 5606.06497 2956.02418 8466.98796 5570.51418 2985.52418 8467.66047 5569.43118 2986.25005 8472.20596 5562.38118 2989.40881 8473.02745 5561.10124 2989.91261 8477.51766 5554.11655 2992.51167 8481.38565 5548.22217 2994.22796 8488.30808 5538.08508 2996.95908 8504.83267 5528.28662 3001.92393
20 8748.65941 6104.058 3108.09473 8770.66895 6088.32147 3103.83374 8783.30245 6073.65793 3099.78177 8787.5131 6067.39035 3097.4584 8791.3206 6061.66708 3095.30056 8795.27424 6055.93614 3093.10709 8796.15012 6054.7291 3092.64427 8803.06626 6045.91869 3089.27872 8811.03251 6037.92207 3086.34534 8813.54889 6035.76321 3085.58336 8821.38565 6029.72156 3083.51638 8826.60081 6026.19669 3082.36844 8833.46591 6021.9627 3081.05092 8838.74183 6019.06758 3080.33942 8844.85938 6015.75461 3079.71274 8849.91144 6012.98311 3079.35091 8859.91916 6007.41901 3078.771 8861.26223 6006.57649 3078.85271 8867.65712 6002.47603 3079.32884 8883.60695 5985.91787 3087.13474
68 10071.3639 5814.69441 3047.23701 10060.3448 5814.80683 3053.2725 10052.6579 5814.87939 3057.61267 10044.7761 5814.94635 3062.28021 10037.6246 5814.98366 3066.7749 10026.3047 5815.78298 3073.96307 10016.3048 5817.55395 3079.70778 10011.2665 5818.47021 3082.50776 10003.1142 5819.96354 3086.72871 10000.0899 5820.51388 3088.27118 9995.31992 5821.3489 3090.6226 9985.35801 5822.8845 3095.19273 9967.99217 5824.83679 3100.51482 9941.25956 5827.94568 3094.87001 9917.70986 5835.77574 3103.6112 9913.65518 5828.15303 3112.62307 9907.1849 5824.93724 3127.55642 9902.05764 5823.83913 3141.19492 9907.85594 5836.79128 3157.07065 9893.46041 5821.96681 3171.68978 9890.86776 5820.70989 3178.29294 9887.66602 5819.45651 3187.46131 9883.5238 5820.83282 3200.57062 9876.78446 5823.10778 3214.60401 9872.87925 5825.0519 3221.73133 9869.28515 5827.85503 3229.68989 9866.41795 5832.74655 3239.72914 9863.35727 5837.15155 3248.54951 9862.33886 5838.53594 3251.28914 9860.20217 5841.36403 3256.88856 9855.97261 5846.52235 3266.87953 9849.279 5851.05837 3277.18654 9846.23828 5852.83852 3281.41841 9840.91672 5855.7318 3288.44845 9836.15332 5858.12523 3294.32029 9833.15021 5859.53689 3297.75581 9829.2472 5861.38418 3302.17572 9825.66989 5863.2538 3306.25776 9820.78755 5865.95219 3311.9112 9816.34656 5868.53437 3317.10358 9813.1698 5870.56908 3320.91572 9809.12408 5873.23054 3325.81487 9801.983 5878.39197 3334.80062 9798.38596 5881.12516 3339.39169 9796.6669 5882.43455 3341.55338 9791.20541 5886.54882 3348.1936 9785.52138 5890.56467 3354.45419 9766.3721 5903.01749 3372.95103 9738.95447 5916.33808 3393.03746 9723.81255 5923.61256 3403.75211 9717.27692 5927.33533 3408.70974 9711.78924 5930.74496 3412.98627 9705.39713 5935.03493 3418.0347 9700.04754 5939.00555 3422.08708 9695.40615 5942.61529 3425.44236 9690.65749 5946.29008 3428.51994 9685.35388 5950.42277 3431.77954 9677.15732 5956.96894 3436.25297 9669.09319 5963.69808 3439.83629 9662.56825 5969.27494 3442.39143 9656.86272 5974.31211 3444.12978 9649.70801 5980.58054 3446.20994 9646.91087 5982.92126 3446.96537 9638.64145 5989.22026 3448.83267 9632.51631 5993.31841 3449.80095 9623.63792 5998.22572 3449.84099 9612.2465 6003.85904 3449.08732 9596.28902 6012.16451 3448.21986
22 9548.29799 6145.52727 3299.4064 9547.77569 6121.49339 3334.59384 9548.88602 6116.49691 3340.80204 9550.16316 6111.32775 3347.10568 9553.42549 6102.6991 3356.59586 9555.70977 6097.76856 3361.60914 9556.4461 6096.17708 3363.25624 9558.90546 6090.87831 3368.7838 9561.16848 6086.37225 3373.70485 9564.49628 6080.04466 3380.90891 9566.30171 6076.65953 3384.81903 9569.26915 6071.32171 3391.25677 9572.8813 6065.20595 3399.09085 9574.84677 6062.00614 3403.38893 9576.85235 6058.76677 3407.78259 9581.85843 6050.94612 3417.82821 9584.14191 6047.35734 3422.34228 9586.9186 6042.79312 3427.76885 9587.67884 6041.41921 3429.24854 9590.9385 6035.35659 3435.59105 9593.77508 6025.63399 3442.13441 9596.28902 6012.16451 3448.21986
4 8618.2008 5492.81715 2976.21627 8598.33106 5518.52978 2995.82372 8603.36126 5526.63419 2998.29026 8604.49867 5545.51216 3006.73318
6 9618.93341 6464.54836 3621.95055 9587.62755 6463.88113 3606.98877 9579.6376 6457.19864 3602.01751 9573.17009 6451.65416 3598.58771 9569.76046 6448.83468 3597.03905 9552.22751 6438.86929 3592.06187
6 9154.20498 5922.57003 3446.13023 9170.31581 5967.20646 3437.89258 9163.25112 5985.37242 3438.72993 9158.68135 5993.43074 3438.18661 9153.88935 6005.21213 3435.96634 9140.12448 6031.79993 3421.43371
5 8878.1893 5746.5398 3117.65553 8858.95566 5771.80446 3094.89844 8850.79335 5772.63498 3086.4723 8841.51334 5770.21378 3078.33737 8830.34328 5765.69394 3078.38241
21 8651.50687 5604.24942 3040.16871 8661.50139 5614.3116 3046.31881 8668.55169 5621.31769 3050.01096 8669.50469 5622.28992 3050.46788 8673.53386 5626.49179 3052.26174 8675.2392 5628.34199 3052.93321 8679.84141 5633.56987 3054.45969 8689.44873 5644.77722 3056.94881 8697.29923 5653.83741 3058.32103 8703.90175 5660.91011 3058.49326 8710.3948 5667.12818 3057.78157 8717.12292 5673.4008 3056.84165 8726.02486 5681.09653 3054.80468 8740.79643 5691.67088 3049.31364 8749.72532 5698.0684 3045.7352 8752.46737 5700.19058 3044.62515 8759.36541 5706.95303 3041.73683 8765.77704 5723.80426 3038.3228 8765.67042 5724.43761 3049.86858 8765.2998 5727.09999 3058.08467 8760.44035 5729.8817 3066.86682
8 8651.50687 5604.24942 3040.16871 8644.26322 5593.06844 3034.14782 8641.21612 5588.69841 3031.92323 8634.3722 5579.48539 3027.59621 8627.12911 5571.41422 3024.04716 8616.49145 5560.70852 3019.08369 8612.44773 5556.78811 3016.41354 8604.49867 5545.51216 3006.73318
10 8604.49867 5545.51216 3006.73318 8586.15127 5543.00317 3008.72747 8572.80057 5540.31791 3008.62058 8561.73378 5537.99292 3008.43716 8553.66935 5536.31967 3008.3544 8552.76082 5536.13016 3008.32403 8541.01993 5533.68554 3007.73987 8530.1881 5531.47561 3006.6358 8517.33641 5528.76465 3004.85918 8504.83267 5528.28662 3001.92393
27 8652.21135 5885.68428 3005.33018 8674.06177 5869.02582 3033.62737 8679.71281 5862.22571 3042.13866 8682.34557 5856.32262 3048.86876 8683.72648 5852.52852 3053.09759 8686.3165 5843.10917 3062.97657 8687.81626 5836.56711 3069.58074 8688.13569 5831.62046 3073.8682 8688.12726 5825.86411 3078.57072 8687.87611 5821.68772 3082.12476 8687.48299 5814.72386 3088.36974 8685.24073 5802.35613 3096.95884 8684.63567 5800.16525 3097.86205 8683.33428 5794.17485 3099.23973 8681.74402 5785.49765 3100.87752 8682.08235 5771.96766 3099.12012 8687.96479 5762.44977 3095.15073 8693.10704 5755.65955 3091.79519 8694.30415 5754.30302 3091.03347 8700.3471 5748.59254 3087.43899 8706.72831 5744.20414 3083.9554 8716.53356 5740.23093 3079.45908 8718.34394 5739.5247 3078.68417 8722.98567 5737.88913 3077.0394 8732.79506 5734.72652 3074.16384 8740.01491 5732.97565 3072.47874 8760.44035 5729.8817 3066.86682
4 8652.21135 5885.68428 3005.33018 8628.94645 5892.46763 3009.21504 8597.0736 5901.5345 3003.32281 8584.48335 5904.56186 3009.21924
36 8652.21135 5885.68428 3005.33018 8686.23179 5892.04247 2976.27854 8692.87368 5903.61056 2962.3606 8693.40074 5904.22273 2961.33178 8697.51994 5909.32579 2952.80888 8700.63 5914.40432 2944.34705 8711.03959 5917.81098 2939.73927 8722.4974 5920.66457 2936.34934 8731.89327 5923.16492 2933.91695 8742.7414 5926.8658 2931.32578 8744.26277 5927.42595 2930.9876 8750.04455 5929.86467 2930.03157 8758.85054 5933.68574 2928.71827 8764.04978 5936.22309 2928.43535 8770.75161 5939.5608 2928.3356 8778.36468 5943.2735 2928.9659 8800.91795 5953.21483 2933.81282 8809.53278 5955.96651 2937.30218 8820.25332 5958.6498 2942.73791 8823.71148 5959.40229 2944.69388 8830.1177 5960.65177 2948.57854 8836.82269 5961.60842 2953.46058 8842.68757 5962.37314 2957.93876 8846.54466 5962.77978 2961.19772 8852.0659 5963.22539 2966.39285 8859.50272 5963.61728 2974.83764 8867.0156 5963.88583 2984.3445 8873.77201 5963.79625 2994.49764 8875.67067 5963.54443 2998.04998 8878.77699 5963.0175 3004.17672 8881.0595 5961.97181 3010.21981 8883.00415 5960.68745 3015.88645 8885.68929 5955.38827 3026.20094 8888.52805 5949.72449 3036.75611 8891.71061 5943.90715 3047.68442 8896.01048 5937.0861 3062.36158
20 8896.01048 5937.0861 3062.36158 8900.46416 5912.01836 3077.84926 8900.07663 5897.94735 3080.34988 8898.8473 5891.97497 3080.49803 8897.42121 5884.02171 3080.8709 8896.22285 5878.69729 3080.84375 8895.2119 5874.52447 3080.76048 8894.28782 5870.98862 3080.69502 8892.24761 5863.63341 3080.61329 8890.00434 5855.99065 3080.65692 8887.42032 5848.08142 3080.97295 8884.07352 5839.10572 3081.42662 8880.78618 5831.92914 3081.58952 8879.61033 5829.48318 3081.5745 8874.75788 5820.30954 3080.98097 8864.90862 5807.78643 3072.35458 8860.64399 5803.36309 3067.39264 8849.3504 5790.4142 3060.08183 8833.36204 5768.69984 3066.29305 8830.34328 5765.69394 3078.38241
4 8896.01048 5937.0861 3062.36158 8901.53293 5941.04439 3082.73323 8901.80732 5942.91236 3084.14748 8902.91404 5955.99536 3093.04251
11 9140.12448 6031.79993 3421.43371 9154.43666 6037.65994 3444.75068 9156.06322 6039.76348 3450.36108 9156.78632 6041.09033 3455.57599 9157.48624 6043.34043 3469.28674 9157.76778 6041.94576 3476.75718 9159.08179 6035.27721 3488.14493 9162.31209 6035.56003 3503.51245 9162.90869 6032.04086 3517.61138 9185.74228 6043.24152 3516.56289 9211.73151 6053.00915 3515.85291
50 9140.12448 6031.79993 3421.43371 9126.55583 6036.3959 3395.62795 9125.47992 6038.98982 3389.39331 9123.63477 6041.83844 3380.29238 9119.18086 6044.06978 3368.41094 9118.65058 6044.32549 3367.08544 9112.56805 6047.16252 3355.52507 9100.99429 6053.98748 3336.07038 9094.19942 6059.55051 3323.59425 9093.74659 6059.93289 3322.68591 9089.36606 6062.67689 3314.23025 9085.03361 6064.91823 3305.9138 9080.98518 6066.5055 3298.2792 9077.20052 6067.66046 3291.32141 9074.40141 6068.22375 3286.28239 9073.03448 6068.47466 3283.83167 9068.47923 6069.25911 3275.68975 9065.12669 6069.75196 3269.70596 9059.783 6070.38059 3260.06915 9057.69367 6070.60422 3256.29254 9056.14044 6070.73159 3253.4899 9051.30591 6070.97123 3244.82483 9042.17576 6069.04732 3229.87699 9039.65242 6068.25384 3225.95668 9034.42011 6066.20174 3218.22566 9028.29226 6062.78652 3210.24787 9024.19342 6060.03656 3205.40095 9017.29493 6054.87993 3197.85242 9008.95254 6048.01205 3189.7706 9004.29383 6044.08363 3185.63261 9000.26507 6040.69814 3182.16271 8995.58611 6036.78975 3178.30091 8991.17568 6033.14426 3174.93496 8985.56399 6028.50718 3170.76577 8979.77874 6023.6464 3166.56366 8975.60957 6020.03354 3163.55348 8969.70621 6014.7298 3159.29136 8969.27099 6014.34057 3158.97469 8960.04942 6006.11999 3152.13198 8950.23388 5998.35547 3144.29484 8941.37849 5992.53256 3136.64936 8932.97611 5987.45499 3129.02517 8932.86566 5987.38452 3128.92251 8927.8364 5984.00973 3124.18965 8923.1095 5980.19776 3119.69761 8918.35641 5976.0066 3114.94719 8915.23269 5973.13291 3111.66468 8910.32438 5968.60172 3106.45351 8904.73959 5963.41469 3098.94077 8902.91404 5955.99536 3093.04251
56 9220.87657 6071.65651 3553.35944 9235.8295 6081.96658 3558.78743 9249.09248 6098.74371 3567.63269 9260.61293 6115.74166 3577.47435 9265.0074 6122.97881 3581.3216 9265.55145 6123.91489 3581.80582 9268.89178 6129.73813 3584.78959 9271.60829 6134.77979 3587.19459 9275.05913 6141.35044 3590.13077 9277.24687 6145.58503 3591.95234 9278.60524 6148.25379 3593.05871 9281.34171 6153.70216 3595.21703 9284.91293 6160.85372 3597.95334 9288.7655 6168.59944 3600.88184 9293.23549 6177.74014 3604.33138 9296.86617 6185.31414 3607.32536 9301.5277 6195.63229 3611.82747 9305.37918 6204.85567 3616.06231 9308.45156 6212.60038 3619.61013 9310.32196 6217.81128 3621.87185 9313.33859 6226.9828 3625.5701 9315.87837 6235.70967 3628.64834 9317.38922 6241.24303 3630.47562 9319.95476 6251.55166 3633.26818 9321.2014 6256.9368 3634.48761 9321.93058 6260.13919 3635.16509 9324.59276 6271.95579 3636.67485 9327.06727 6281.89551 3637.09661 9329.96701 6292.00852 3636.81835 9332.43131 6299.302 3636.13151 9337.40848 6311.34431 3634.03886 9340.45306 6317.9035 3632.59684 9344.66492 6324.35983 3630.26071 9346.26022 6326.55989 3629.40766 9351.92715 6334.0385 3626.42818 9360.53938 6343.31598 3622.51188 9368.33711 6350.84529 3619.62279 9370.36598 6352.75142 3618.96724 9374.92525 6357.02699 3617.52488 9381.81124 6363.38987 3615.68272 9399.06334 6378.32329 3612.23199 9410.93647 6388.23351 3609.29023 9418.58 6394.43423 3606.8245 9425.58407 6399.85348 3604.49858 9435.58503 6406.96026 3601.8647 9441.56608 6410.89372 3600.83798 9446.32391 6413.91601 3600.16894 9452.42969 6417.61095 3599.50728 9463.09369 6423.03798 3598.85726 9471.21328 6425.94565 3598.67801 9486.16545 6430.13185 3598.26144 9498.44897 6432.75822 3597.08539 9509.18399 6434.5824 3595.7176 9517.11664 6435.53074 3594.51181 9525.78258 6435.85603 3593.11241 9552.22751 6438.86929 3592.06187
2 9220.87657 6071.65651 3553.35944 9211.73151 6053.00915 3515.85291
9 8830.34328 5765.69394 3078.38241 8822.8955 5762.56406 3086.73002 8817.04226 5760.96199 3092.89489 8810.3079 5759.62327 3099.31964 8804.23766 5755.90109 3095.76664 8799.91656 5753.18323 3092.72069 8786.57989 5743.73459 3082.71829 8781.14139 5737.00192 3086.73865 8775.12882 5731.25134 3100.57152
2 8902.91404 5955.99536 3093.04251 8883.60695 5985.91787 3087.13474
4 8760.44035 5729.8817 3066.86682 8766.00198 5731.29754 3076.57039 8769.10586 5732.12599 3085.52729 8775.12882 5731.25134 3100.57152
10 8504.83267 5528.28662 3001.92393 8500.04197 5502.93901 3003.00837 8496.81486 5488.80616 3003.21133 8496.35294 5487.26798 3003.16774 8493.84402 5479.6418 3002.7877 8491.28861 5472.28948 3002.12423 8488.04585 5463.0393 3001.06841 8486.90548 5459.82396 3000.67038 8483.46244 5450.64511 2999.61443 8473.42331 5432.92284 3000.44246
9 9552.22751 6438.86929 3592.06187 9562.56726 6425.02458 3582.22548 9567.57509 6415.46236 3576.13958 9571.07397 6409.4314 3572.79087 9573.68896 6405.0289 3570.48032 9578.16912 6397.40689 3566.4453 9585.82059 6384.34518 3559.36084 9605.94168 6369.2775 3567.68551 9614.4065 6357.88532 3568.69152
42 8171.50693 5203.52452 3162.21236 8185.39604 5200.73393 3160.88854 8199.28514 5197.94334 3159.56472 8213.17424 5195.15275 3158.2409 8249.44224 5204.54235 3149.89589 8259.65317 5207.05604 3144.05682 8270.26222 5209.77127 3137.46047 8282.34862 5213.27418 3128.99857 8291.11014 5217.03094 3122.09682 8293.72885 5218.24771 3119.98675 8302.25162 5222.67057 3112.88942 8311.01354 5228.64997 3105.71119 8319.98492 5237.87854 3098.19993 8325.41423 5244.48279 3093.62047 8331.29908 5251.99512 3088.84689 8335.5782 5257.65083 3085.62222 8340.4869 5264.20397 3082.13142 8347.52385 5273.50981 3077.9628 8354.33196 5281.98247 3074.64622 8361.33685 5290.40177 3071.53648 8366.52306 5296.54586 3069.36268 8370.41545 5301.16738 3067.7661 8377.18676 5309.27069 3064.99688 8381.59933 5314.75551 3063.13048 8382.57793 5316.20856 3062.60382 8385.60806 5321.55899 3060.56843 8390.78381 5328.94213 3058.07656 8395.56889 5338.28437 3054.28655 8396.81268 5340.85541 3053.19299 8399.43581 5346.43087 3050.77043 8399.88744 5347.40176 3050.33849 8403.1463 5354.24679 3047.28882 8408.5844 5364.27254 3042.86911 8414.30894 5373.38784 3038.95423 8422.12024 5384.43532 3034.19961 8426.04149 5389.41152 3031.97301 8429.96038 5394.2744 3029.76954 8433.63236 5398.52585 3027.72395 8437.68457 5403.02322 3025.43907 8449.15299 5413.89663 3018.10879 8456.45314 5419.36086 3012.46017 8473.42331 5432.92284 3000.44246
51 9596.28902 6012.16451 3448.21986 9587.06942 6011.39967 3448.79233 9574.82756 6006.51991 3450.4019 9568.70001 6004.93385 3450.66308 9556.14864 6002.24954 3450.94567 9555.07759 6002.02336 3450.97186 9546.4682 6000.24469 3451.239 9540.26617 5998.9661 3451.47767 9530.01315 5997.42303 3452.09677 9517.79102 5996.17615 3452.85244 9508.74421 5995.53607 3453.37956 9493.26805 5995.23714 3454.16984 9482.72987 5995.72275 3454.6125 9472.68959 5996.64504 3455.00433 9464.8743 5997.47958 3455.3201 9462.95726 5997.69791 3455.40124 9456.43334 5998.47485 3455.68637 9448.99293 5999.55378 3456.07756 9445.28123 6000.11432 3456.28541 9436.82535 6001.44699 3456.79084 9435.00954 6001.74202 3456.9 9426.19816 6003.22081 3457.43131 9419.72109 6004.27921 3457.72544 9417.15605 6004.69293 3457.82625 9408.0479 6006.14833 3458.14473 9398.40014 6007.64607 3458.33382 9390.81885 6008.83672 3458.46849 9382.94872 6010.24082 3458.77842 9380.14021 6010.76551 3458.91743 9373.16821 6012.08469 3459.28695 9367.27482 6013.2959 3459.6843 9355.05148 6016.63298 3461.14136 9348.96249 6018.53811 3462.04275 9343.80265 6020.16097 3462.823 9333.16515 6023.33991 3464.45361 9319.02211 6024.8639 3466.34787 9309.50367 6024.41125 3466.63052 9307.9815 6024.29216 3466.61485 9299.85226 6023.51137 3466.43344 9290.52294 6022.85862 3465.35935 9282.14709 6022.74577 3464.91906 9259.64792 6025.07687 3467.97837 9251.73652 6027.68668 3472.25161 9249.16966 6028.59304 3473.70656 9245.16807 6030.72673 3476.60478 9238.84462 6037.55818 3485.44658 9236.78607 6041.51447 3491.24125 9236.49509 6041.95427 3491.92051 9227.27688 6049.79931 3506.80684 9219.80612 6051.09514 3511.54198 9211.73151 6053.00915 3515.85291
