39.330505 4.905910 15.157148
39.155458 5.293746 15.323525
38.748473 5.962212 15.530562
38.326024 6.259746 15.639126
39.122882 4.600324 15.560793
39.028495 4.767581 15.638568
38.240657 5.398010 15.813440
33.851250 6.667339 16.214610
33.719623 5.688368 16.461563
34.281349 6.332028 16.474528
34.335815 6.234877 16.728885
37.298774 7.016712 16.986516
36.011662 6.490679 17.032457
29.574122 5.937412 17.606945
30.209999 5.944131 17.821226
31.677096 7.442230 17.720851
32.383402 6.678208 18.032420
30.468701 6.748628 17.984057
30.233972 7.104916 17.875584
31.809979 6.019209 18.081250
28.892490 6.918448 18.501878
31.786550 6.219689 18.916796
32.591934 6.843660 18.887958
31.676536 7.002518 19.541243
31.691519 5.764841 17.994162
