33.251051 32.490413 16.241135
35.046910 35.199463 16.875839
34.463134 31.926772 17.306030
36.056490 32.919991 16.503830
34.246040 32.444229 16.452254
35.743365 32.535012 16.440245
34.760194 32.532321 17.027469
33.461910 37.245319 18.513896
34.360809 32.186088 17.382850
31.996914 31.880103 16.198834
33.377353 32.371335 17.244445
34.092277 32.900207 16.198353
32.805943 32.018308 16.343534
32.392903 36.015449 18.663573
33.717572 35.683021 17.242859
33.351500 36.950636 17.964050
31.893984 32.572553 16.587824
34.417670 34.568430 19.140208
33.742993 36.789875 18.320260
35.323790 35.473220 16.976809
31.798295 32.389463 16.201596
33.176122 32.542015 16.278208
34.591634 31.804645 17.135325
32.486777 34.890408 18.534384
34.068472 32.303709 16.977582
34.052478 33.902864 17.602545
35.797391 34.450347 17.814547
35.098933 35.056198 17.690186
34.136754 35.643188 16.608856
34.638547 35.261428 16.630320
33.548898 32.066363 16.288934
34.724841 32.037992 17.311115
33.121166 33.203606 17.256594
34.565547 32.093331 17.388359
34.394437 35.358247 17.747581
33.773579 35.496479 17.604429
35.838907 32.568603 16.650537
33.449905 31.454066 17.719403
32.693770 32.623552 16.640016
32.459206 36.016515 18.828920
33.134648 35.465148 18.917843
34.678676 35.739990 17.530371
34.021946 34.573551 18.775166
34.598273 34.960495 17.953831
33.383011 37.433492 18.648851
32.246049 31.855554 17.179221
