18.044193 27.420183 40.419568
20.199594 26.890209 44.981207
18.349436 27.542857 40.851986
18.443136 26.936409 41.086636
18.482527 27.002938 41.476474
18.674007 27.335630 41.543008
18.762356 27.082375 41.808123
18.621448 27.546345 42.605498
19.130779 27.600640 42.681384
16.573869 27.052527 42.928544
19.125021 27.618647 43.302769
20.237658 27.222462 44.054948
19.829778 27.586636 43.972811
19.247744 27.450064 43.824755
19.400569 26.757643 43.999779
19.807758 25.581109 44.091100
20.524782 27.110638 44.728770
20.319088 26.848809 45.114087
