43.288336 27.567490 15.079189
43.175270 29.287549 14.809625
43.375307 29.131019 14.970164
43.838892 28.200236 15.527115
43.209626 28.889603 15.453687
44.974393 30.364731 15.898887
47.790239 30.307028 17.393391
46.617275 30.951522 17.948061
46.557062 30.424913 17.841927
47.458758 31.859129 17.927464
47.050909 32.073371 18.033476
46.935287 31.564606 18.144322
45.722251 30.521744 19.058665
45.877122 30.420456 19.471450
46.166071 30.487398 20.396688
43.361998 29.144251 15.692078
43.154121 27.693087 14.861897
43.471233 28.694081 15.025292
46.234770 30.016622 18.051876
49.922471 29.301994 15.356164
50.237718 29.190219 15.214151
43.305417 29.242089 15.453270
47.452926 31.886669 18.136480
