7886.000 953.333 3033.910
7831.330 1055.670 3061.740
7758.000 1194.330 3117.410
7672.670 1306.670 3131.320
7849.670 917.000 3103.490
7810.330 962.333 3131.320
7667.670 1094.330 3173.080
6770.330 1333.670 3242.660
6769.000 1107.670 3284.410
6861.000 1271.670 3298.330
6839.670 1199.670 3354.000
7461.000 1407.000 3395.750
7206.330 1310.000 3409.670
5912.000 1188.000 3521.000
6040.330 1190.330 3562.750
6336.330 1484.330 3548.830
6477.670 1334.330 3604.500
6099.000 1351.670 3604.500
6052.330 1428.330 3576.670
6337.670 1219.000 3646.250
5778.330 1377.000 3701.920
6351.000 1243.000 3771.510
6513.000 1372.000 3771.510
6261.000 1398.000 3868.930
6336.000 1134.000 3632.340
