6627.670 6500.000 3214.830
7007.000 7019.000 3367.910
6883.670 6325.670 3534.920
7211.000 6583.670 3298.330
6831.000 6455.000 3284.410
7197.670 6469.330 3256.580
6951.000 6503.000 3409.670
6693.000 7449.000 3701.920
6857.000 6435.000 3521.000
6409.000 6367.000 3242.660
6668.000 6496.000 3451.420
6822.000 6580.000 3242.660
6564.000 6392.000 3270.490
6394.000 7220.000 3743.670
6752.000 7136.000 3451.420
6664.000 7386.000 3590.590
6383.000 6523.000 3312.250
6884.000 6914.000 3827.180
6748.000 7382.000 3660.170
7090.000 7108.000 3381.830
6359.000 6463.000 3242.660
6626.000 6508.670 3242.660
6944.000 6241.330 3479.250
6480.000 6998.000 3729.760
6808.000 6462.000 3395.750
6812.000 6782.000 3521.000
7160.000 6890.000 3562.750
7020.000 7010.000 3534.920
6816.000 7128.000 3312.250
6930.000 7056.000 3326.160
6706.000 6400.000 3256.580
6973.000 6386.000 3507.080
6624.330 6640.670 3451.420
6929.000 6388.670 3590.590
6877.670 7073.330 3548.830
6756.000 7100.000 3521.000
7203.000 6494.000 3326.160
6696.670 6287.330 3548.830
6537.000 6525.000 3326.160
6465.000 7210.000 3785.420
6617.000 7080.000 3799.340
6941.330 7149.000 3507.080
6756.000 6901.670 3785.420
6919.330 6991.670 3590.590
6676.000 7486.670 3729.760
6449.330 6368.000 3437.500
