8665.000 5513.000 3019.990
8625.000 5841.000 2936.490
8680.670 5811.000 2978.240
8766.000 5642.000 3103.490
8632.000 5772.000 3089.570
8989.330 6087.670 3173.080
9557.330 6062.330 3479.250
9338.670 6187.000 3576.670
9361.330 6092.330 3576.670
9498.670 6352.670 3576.670
9400.000 6438.000 3604.500
9393.000 6310.000 3632.340
9133.330 6103.000 3813.260
9146.000 6046.330 3896.760
9244.000 6117.670 4091.600
8666.000 5841.000 3159.160
8637.000 5537.000 2964.320
8695.330 5738.670 3006.070
9257.000 5977.000 3632.340
9983.000 5891.000 3061.740
10045.000 5853.000 3033.910
8656.000 5857.670 3089.570
9485.000 6387.670 3618.420
